zip,mean_ret,low_ret,high_ret,order,seasonal_order
60657,0.9916702635592676,0.7652403274834993,1.2818623297932403,"(2, 0, 1)","(0, 0, 1, 12)"
75070,1.0159421191690163,0.7455164919494122,1.3792659149121564,"(1, 0, 1)","(0, 0, 0, 12)"
77494,1.076936262598393,0.8595785554022959,1.346651014931559,"(1, 0, 3)","(0, 0, 0, 12)"
60614,0.9982953643835211,0.8553073332140407,1.1641404737608527,"(1, 0, 3)","(0, 0, 0, 12)"
79936,1.0055097548118146,0.8603373586906666,1.174114742254021,"(0, 0, 2)","(0, 0, 1, 12)"
77084,0.9480292533980776,0.7266277389394897,1.233489149653959,"(1, 0, 1)","(0, 0, 1, 12)"
10467,1.0168092812247493,0.6529104721963107,1.5720008896369064,"(0, 0, 2)","(0, 0, 0, 12)"
60640,0.9958087176851259,0.6531753752852792,1.508059008950807,"(1, 0, 3)","(0, 0, 0, 12)"
77449,1.0524354614773617,0.7762646949034012,1.4216687748731422,"(1, 0, 1)","(0, 0, 0, 12)"
94109,1.0370242260124443,0.6755203283227977,1.5810656507271965,"(1, 0, 1)","(0, 0, 0, 12)"
11226,1.0467832406452011,0.5135864830518615,2.0942466839961233,"(0, 0, 3)","(0, 0, 1, 12)"
32162,1.0329999062120452,0.8154733978746289,1.3057881572280743,"(1, 0, 3)","(0, 0, 0, 12)"
11375,1.1507531063930745,0.8236530350928426,1.6009255855583528,"(0, 0, 2)","(1, 0, 0, 12)"
11235,1.2460995313223058,0.9340157072409463,1.6572916042769976,"(1, 0, 3)","(0, 0, 0, 12)"
37013,1.1804295601161738,0.888737187866513,1.5628539582665517,"(3, 0, 1)","(0, 0, 0, 12)"
90250,1.0603797194280582,0.7246438082347263,1.542824832817036,"(1, 0, 1)","(0, 0, 1, 12)"
60647,0.9705041920040323,0.6070647859630152,1.5386376123431142,"(1, 0, 1)","(0, 0, 1, 12)"
37211,1.2327942746766667,0.9231205476070363,1.640985836132611,"(1, 0, 3)","(0, 0, 0, 12)"
78660,1.0270280767965698,0.8062931002456986,1.3051382881041163,"(1, 0, 1)","(0, 0, 0, 12)"
60618,0.9963111389999282,0.6844656653867551,1.4424243067847162,"(2, 0, 1)","(0, 0, 1, 12)"
10128,1.0176315558632556,0.3582195392026705,2.778001249432325,"(3, 0, 0)","(0, 0, 1, 12)"
77573,1.0256383804208071,0.6981595549863555,1.4981104650352628,"(1, 0, 2)","(0, 0, 1, 12)"
77584,1.0513873373020497,0.7875063022909004,1.3991614260043106,"(1, 0, 1)","(0, 0, 0, 12)"
28269,1.0819845263131838,0.8532925836786223,1.3689267436386983,"(1, 0, 1)","(0, 0, 0, 12)"
79912,1.0199944109911874,0.8492485713074012,1.2235166125404304,"(1, 0, 3)","(0, 0, 0, 12)"
78572,1.0191447203430617,0.7293201013799201,1.4182105126038906,"(0, 0, 2)","(0, 0, 1, 12)"
94565,1.1080964159903908,0.6073628849841183,1.9931730017607816,"(1, 0, 1)","(0, 0, 1, 12)"
30349,1.0388103755241107,0.5101691967395869,2.07479877887129,"(1, 0, 1)","(0, 0, 0, 12)"
20002,1.0353079544667354,0.7996009131633324,1.3370700309917887,"(1, 0, 3)","(0, 0, 1, 12)"
90046,1.0880039892889353,0.7601837478288673,1.5496438997421498,"(0, 0, 2)","(1, 0, 0, 12)"
78130,1.170292046281391,0.9234554770016385,1.479978668017808,"(0, 0, 2)","(2, 0, 0, 12)"
78613,0.9716330806883987,0.7223702690632277,1.3024278648516372,"(1, 0, 1)","(0, 0, 0, 12)"
20009,0.9472448156037536,0.656996586160623,1.3586078894059292,"(2, 0, 1)","(1, 0, 1, 12)"
75052,1.2210254028545446,0.9932034397815613,1.4986293487871314,"(1, 0, 3)","(2, 0, 0, 12)"
10462,1.0365547105425799,0.7536124407320637,1.4203097079666074,"(2, 0, 1)","(0, 0, 0, 12)"
37042,1.0129192101638853,0.8427690926613414,1.2158854636590886,"(1, 0, 1)","(0, 0, 0, 12)"
77429,1.001610146843657,0.8040500606218414,1.2454696364068003,"(0, 0, 2)","(0, 0, 0, 12)"
63376,1.0889763719909273,0.7733378613247617,1.5261208450986197,"(1, 0, 1)","(1, 0, 0, 12)"
60613,0.9817197097139714,0.7457474338088428,1.2887318978901703,"(2, 0, 1)","(0, 0, 0, 12)"
77479,1.009205989972402,0.8037759384590573,1.2645887923961185,"(1, 0, 1)","(0, 0, 1, 12)"
30044,1.1017905080980996,0.7896444240673876,1.5306097406310202,"(1, 0, 1)","(0, 0, 0, 12)"
73099,1.0352032788574654,0.6997437070605804,1.5196731350679897,"(2, 0, 1)","(1, 0, 0, 12)"
77036,1.0141650442666996,0.5807848265999489,1.7503265007931483,"(2, 0, 2)","(0, 0, 1, 12)"
77433,1.0236065287673284,0.7965234078478075,1.3122627095383375,"(3, 0, 0)","(2, 0, 1, 12)"
10463,1.012593828657066,0.535744283469651,1.8854118057486582,"(0, 0, 2)","(0, 0, 0, 12)"
11230,1.1048064522835586,0.7497248900271148,1.6189613404797196,"(0, 0, 2)","(1, 0, 0, 12)"
60629,1.0138182728932519,0.7493016131934117,1.3670454377327905,"(0, 0, 2)","(1, 0, 0, 12)"
11209,0.9753675057302404,0.6614392649879698,1.4302096361776835,"(0, 0, 2)","(1, 0, 1, 12)"
60625,0.941020800274474,0.6897329850656968,1.2791381952979308,"(1, 0, 1)","(0, 0, 1, 12)"
30043,1.0477442516534665,0.7974015798112112,1.3726985617715257,"(1, 0, 1)","(0, 0, 0, 12)"
75034,1.0597687655458168,0.8473469307801925,1.3228995614443795,"(1, 0, 3)","(0, 0, 1, 12)"
11212,1.152668329937513,0.7086233607222685,1.857736690037008,"(1, 0, 3)","(0, 0, 1, 12)"
75287,1.0272629306513394,0.7820951548735715,1.3455284161171475,"(0, 0, 2)","(1, 0, 1, 12)"
28277,1.0303381714691284,0.8301896912867566,1.2764712634646398,"(0, 0, 2)","(0, 0, 1, 12)"
85032,1.0341140677874678,0.7529865651531891,1.4146771352923917,"(1, 0, 1)","(0, 0, 0, 12)"
7030,0.9650371908906179,0.5706803988154535,1.6147215974652445,"(2, 0, 3)","(1, 0, 1, 12)"
11214,1.0322986283555364,0.6272610256805241,1.6830210735587312,"(3, 0, 1)","(0, 0, 0, 12)"
21234,1.0038480657758202,0.7740272075431675,1.2986309533454135,"(0, 0, 3)","(1, 0, 0, 12)"
33160,0.9486814586827346,0.46502873590529303,1.8990773114553599,"(2, 0, 1)","(1, 0, 1, 12)"
78521,0.9734614905930417,0.588809282437674,1.594408444794772,"(0, 0, 2)","(0, 0, 1, 12)"
23464,0.9968061154580892,0.8333526689141846,1.1908784486981725,"(1, 0, 2)","(0, 0, 0, 12)"
77077,1.0663949057052937,0.7906899081181732,1.433279810047616,"(3, 0, 1)","(0, 0, 0, 12)"
94501,1.0218159179181385,0.72033763038231,1.4427740905506692,"(1, 0, 3)","(0, 0, 0, 12)"
30096,1.0554177353272889,0.7368962393607069,1.5040955539244698,"(1, 0, 1)","(0, 0, 0, 12)"
78704,1.0084999945299156,0.7988228702720593,1.2706288077497352,"(0, 0, 2)","(0, 0, 0, 12)"
98052,1.0002753571065124,0.6878166449046906,1.4466748264116993,"(1, 0, 2)","(0, 0, 0, 12)"
77379,1.027652937183061,0.7447056266046738,1.4120677161891875,"(1, 0, 1)","(2, 0, 1, 12)"
75243,0.9943813494641162,0.6035054326548323,1.6227877960503803,"(1, 0, 2)","(0, 0, 0, 12)"
11221,1.1291692660989643,0.6842747048430415,1.8460151952364434,"(1, 0, 3)","(0, 0, 0, 12)"
78245,1.002023786273533,0.6719979192657429,1.4844003642791175,"(1, 0, 2)","(1, 0, 0, 12)"
11229,1.018157757027514,0.7514489163222914,1.3747664714010739,"(0, 0, 3)","(0, 0, 0, 12)"
8701,0.9939374325352927,0.7528491896405547,1.3084417922189602,"(0, 0, 2)","(0, 0, 1, 12)"
60619,0.9992076396705756,0.5307337553394728,1.8535590992745425,"(0, 0, 2)","(0, 0, 1, 12)"
90034,1.05784843466622,0.6584942420107752,1.6847044519856247,"(3, 0, 1)","(1, 0, 0, 12)"
94110,0.9669780487710726,0.5133339575825222,1.7937717680761103,"(1, 0, 2)","(0, 0, 1, 12)"
78666,0.8586125022707193,0.529429435515877,1.380210833803273,"(0, 0, 2)","(0, 0, 1, 12)"
30024,1.043404215161679,0.8567500175296666,1.2688314780255991,"(1, 0, 3)","(0, 0, 1, 12)"
60610,0.9906063845795091,0.780061995082995,1.255302468756523,"(1, 0, 2)","(0, 0, 1, 12)"
44107,1.0106510389389836,0.6416802095521558,1.5788580444023108,"(1, 0, 1)","(0, 0, 1, 12)"
75067,1.0075162945362683,0.7312987812110863,1.382751685602142,"(0, 0, 2)","(0, 0, 0, 12)"
33025,0.9257041633416001,0.576188895745919,1.4733613532832048,"(1, 0, 3)","(0, 0, 1, 12)"
33411,1.0189163150074294,0.7241983104364678,1.42702272644672,"(1, 0, 1)","(0, 0, 0, 12)"
33139,0.9759627795889523,0.5519046481339829,1.7051299742762362,"(3, 0, 0)","(0, 0, 0, 12)"
11377,1.0289797852887392,0.6965111290742253,1.5113204131818196,"(1, 0, 2)","(0, 0, 0, 12)"
90044,1.1516441362436984,0.8808036911427748,1.5015817994216347,"(1, 0, 3)","(0, 0, 0, 12)"
48197,1.02766646249397,0.6867129444947688,1.5286374704085286,"(0, 0, 2)","(0, 0, 1, 12)"
2169,1.020649091656348,0.817649095640738,1.2717199065594575,"(0, 0, 2)","(0, 0, 1, 12)"
23462,1.0225788958182094,0.834225792919592,1.2514989934097713,"(1, 0, 2)","(2, 0, 0, 12)"
90805,1.023013431956304,0.7964123770206151,1.3109186209737298,"(1, 0, 1)","(0, 0, 0, 12)"
66062,1.0400713803155595,0.8294224260330582,1.3016111783262838,"(1, 0, 1)","(0, 0, 0, 12)"
44035,1.0013469711546992,0.7544779330715017,1.325032507646945,"(2, 0, 0)","(1, 0, 0, 12)"
95630,1.0604051526636722,0.8393205008805372,1.3369780481791265,"(0, 0, 2)","(2, 0, 0, 12)"
90650,1.0604362943807883,0.8137434955199468,1.3781085988193633,"(2, 0, 2)","(1, 0, 0, 12)"
11234,1.0311419280948229,0.7865319600275088,1.3481004077359995,"(0, 0, 2)","(0, 0, 1, 12)"
92683,1.0191019996706723,0.813515154794455,1.2741863819452965,"(1, 0, 1)","(0, 0, 0, 12)"
85710,1.082339323249387,0.8471051896889009,1.37971229289043,"(3, 0, 0)","(0, 0, 1, 12)"
78745,1.0183072106516415,0.7140624034659292,1.4450254652733285,"(1, 0, 1)","(0, 0, 0, 12)"
11355,1.0134441599767074,0.7386886117222835,1.3852038815554564,"(0, 0, 2)","(0, 0, 0, 12)"
10314,1.281726266733916,1.0423444116673335,1.5735258569413706,"(1, 0, 3)","(0, 0, 0, 12)"
30281,1.0562503167761226,0.7498048924151921,1.48124800377862,"(3, 0, 3)","(0, 0, 0, 12)"
32210,1.007800768017523,0.463188996303849,2.1435753282309054,"(1, 0, 2)","(0, 0, 0, 12)"
37075,1.1136462808158833,0.8696665718870271,1.422766129137065,"(0, 0, 2)","(1, 0, 0, 12)"
94558,1.0758124443381605,0.7927513515234884,1.4548217483629653,"(3, 0, 2)","(0, 0, 0, 12)"
11215,1.0232781333040382,0.5164054350824127,1.9920528479742639,"(2, 0, 2)","(0, 0, 0, 12)"
90026,1.0433299155891076,0.708509087836267,1.527393270063636,"(3, 0, 0)","(0, 0, 1, 12)"
85225,1.0989481815386555,0.8221616201247713,1.4640694227991278,"(1, 0, 1)","(0, 0, 0, 12)"
91910,1.0325717299506847,0.7409522098606381,1.4328176554336685,"(1, 0, 1)","(1, 0, 0, 12)"
87111,1.0284320819334969,0.761448772729292,1.3842856000281116,"(3, 0, 2)","(0, 0, 1, 12)"
28027,1.0909054542764736,0.8899333496078226,1.3351881422933036,"(0, 0, 2)","(1, 0, 0, 12)"
6010,0.9855625641037916,0.7037850110262435,1.3743349461425856,"(0, 0, 2)","(0, 0, 1, 12)"
78240,1.0434092902645622,0.7992136048398968,1.3585001469280047,"(1, 0, 1)","(0, 0, 0, 12)"
87114,1.0052965834470877,0.8483301947629257,1.1900234146987212,"(0, 0, 2)","(0, 0, 0, 12)"
89108,1.1522103321610035,0.7274095549681042,1.8102209074843163,"(1, 0, 1)","(0, 0, 0, 12)"
85308,1.0458836841749228,0.7982013375268853,1.366541798361381,"(1, 0, 1)","(0, 0, 0, 12)"
11211,0.9775131244245541,0.4318166331167347,2.1591996555909665,"(0, 0, 2)","(0, 0, 1, 12)"
17603,1.03524352093255,0.8525290134907624,1.2553273702755483,"(1, 0, 1)","(0, 0, 0, 12)"
93722,1.0636271672747342,0.7474289355262532,1.5058523489447986,"(3, 0, 0)","(0, 0, 1, 12)"
80134,1.0042252389683624,0.8040789712585147,1.2518939600058385,"(0, 0, 3)","(0, 0, 0, 12)"
48180,1.0115240434343133,0.6537862221822562,1.5541185847935537,"(0, 0, 1)","(0, 0, 0, 12)"
85281,1.0833174452413652,0.8089295460651977,1.4460993687835022,"(1, 0, 3)","(0, 0, 0, 12)"
78577,1.010554144297904,0.6588879874398902,1.539416028229612,"(2, 0, 2)","(0, 0, 1, 12)"
94533,1.1874739325572983,0.7238393968154664,1.928800823093352,"(3, 0, 0)","(0, 0, 1, 12)"
15601,1.0130141394727015,0.7766986219766527,1.3177365878470524,"(0, 0, 3)","(0, 0, 1, 12)"
95608,1.0101209894480858,0.792405208222362,1.2848319939825426,"(0, 0, 3)","(1, 0, 1, 12)"
43081,1.0365471739872336,0.7552732877965678,1.4171315494603565,"(1, 0, 2)","(0, 0, 0, 12)"
44060,0.9991054353621941,0.8473827545947968,1.1767962529629878,"(0, 0, 3)","(1, 0, 1, 12)"
80013,1.1938050161902674,1.000559026314121,1.4227116443428895,"(0, 0, 2)","(2, 0, 1, 12)"
33024,1.1113753055524158,0.835222066582851,1.474057320131271,"(1, 0, 3)","(0, 0, 1, 12)"
20906,1.0017517425029165,0.8000660745769049,1.2519070695800378,"(0, 0, 2)","(0, 0, 0, 12)"
33009,1.082219290039126,0.679490819529663,1.7094670674159818,"(2, 0, 3)","(0, 0, 0, 12)"
90066,1.105046426037355,0.7152990931745998,1.6946925814933673,"(2, 0, 3)","(1, 0, 1, 12)"
43123,1.034554511169991,0.738506384974382,1.442986356207491,"(1, 0, 2)","(1, 0, 0, 12)"
97229,1.0043496529819684,0.7643356733604322,1.315941828967485,"(1, 0, 1)","(0, 0, 0, 12)"
76028,1.1100863339185565,0.7640746174232009,1.6041559056813102,"(1, 0, 1)","(0, 0, 0, 12)"
91709,1.0343897216752322,0.859799202337482,1.2428292370183294,"(1, 0, 3)","(0, 0, 0, 12)"
11385,1.026710815826635,0.7357893377008783,1.4267170499928323,"(0, 0, 2)","(0, 0, 1, 12)"
85364,1.0132372438071209,0.7173034291762916,1.4249039624230675,"(2, 0, 0)","(0, 0, 0, 12)"
11373,1.0136583553216454,0.7857052108446061,1.3045673599327754,"(0, 0, 2)","(0, 0, 1, 12)"
14850,0.9996978664622108,0.768529847139394,1.2970396330587963,"(2, 0, 3)","(2, 0, 0, 12)"
65807,1.0104307796612997,0.7909441181261366,1.287933239558321,"(0, 0, 2)","(0, 0, 0, 12)"
98012,1.1554470203983216,0.759679585147534,1.7454885652597585,"(1, 0, 1)","(0, 0, 1, 12)"
77459,1.014582084444821,0.7639704432395973,1.343172708955367,"(1, 0, 1)","(0, 0, 0, 12)"
92677,1.023195423099469,0.8057876983877579,1.2964388691985105,"(2, 0, 1)","(1, 0, 0, 12)"
95823,0.9783547223388842,0.6359114290208343,1.4946231643710468,"(1, 0, 1)","(0, 0, 0, 12)"
33908,1.030525277606028,0.8408265202580062,1.2610468620816868,"(1, 0, 3)","(0, 0, 0, 12)"
44256,1.013459985826473,0.8163277748331679,1.2560078686713312,"(0, 0, 2)","(0, 0, 0, 12)"
2148,1.0046194357428677,0.7441911678949015,1.351620894824131,"(0, 0, 2)","(0, 0, 0, 12)"
60620,1.0169824423200422,0.48927278517573347,2.072722531247643,"(0, 0, 2)","(0, 0, 0, 12)"
45011,1.0366531971485557,0.8529905284691067,1.2580411476423565,"(0, 0, 2)","(0, 0, 1, 12)"
76063,1.0490898195973801,0.7771804427343305,1.4111328067258273,"(1, 0, 1)","(0, 0, 0, 12)"
33647,0.9920478699050738,0.8001343106745799,1.2278604918930531,"(0, 0, 2)","(0, 0, 1, 12)"
92804,1.0138342124284414,0.8074556434548841,1.270423887735763,"(1, 0, 1)","(0, 0, 1, 12)"
60634,1.0714734873936784,0.8038932419749727,1.4235900351805078,"(1, 0, 1)","(1, 0, 0, 12)"
8753,1.01985210475731,0.7923560065506116,1.3095438056731825,"(0, 0, 2)","(2, 0, 0, 12)"
65203,0.9921510314216704,0.7763731366542453,1.2650475747930852,"(0, 0, 2)","(1, 0, 1, 12)"
47906,1.0266737232292191,0.7978427370438674,1.3180064027948362,"(0, 0, 2)","(1, 0, 0, 12)"
98103,1.1400778219710146,0.8323293357720374,1.5557925177305376,"(0, 0, 2)","(1, 0, 0, 12)"
92345,1.0983497872188484,0.8567642701060358,1.4047628215835974,"(1, 0, 3)","(0, 0, 0, 12)"
75228,1.1156333191897603,0.6107258818627296,2.0097457652685566,"(1, 0, 1)","(0, 0, 1, 12)"
92126,1.0221343620811123,0.7301759562180165,1.4246054074148127,"(1, 0, 1)","(1, 0, 0, 12)"
90019,1.009691614163772,0.6673569338412497,1.5179015958721416,"(0, 0, 2)","(0, 0, 0, 12)"
43130,1.13480449410121,0.7447237835377783,1.7174803466069324,"(1, 0, 1)","(1, 0, 1, 12)"
60016,0.9905232436728519,0.7414441033086019,1.3190553091444532,"(1, 0, 2)","(0, 0, 0, 12)"
46307,1.051067492543506,0.8483603313824581,1.2999633021332122,"(1, 0, 3)","(0, 0, 0, 12)"
76244,0.991681209396086,0.7445826273720084,1.316555781680629,"(1, 0, 1)","(0, 0, 0, 12)"
28314,0.9999669748052831,0.8036591831667514,1.2420058111645216,"(1, 0, 2)","(0, 0, 0, 12)"
27610,1.327700178320286,1.1643368971983108,1.5130145125429797,"(1, 0, 3)","(0, 0, 0, 12)"
89121,1.1426137437873194,0.7745787226965285,1.675482444143321,"(1, 0, 1)","(1, 0, 0, 12)"
29732,1.0002847916077078,0.7581130271685015,1.3159070186999158,"(1, 0, 1)","(0, 0, 0, 12)"
75056,1.0676217014031522,0.7652466547289143,1.483042710046716,"(1, 0, 1)","(0, 0, 0, 12)"
30040,0.9821261855914307,0.756197210887541,1.2721913342286597,"(1, 0, 1)","(0, 0, 1, 12)"
30188,1.0968341168013103,0.8220135872676025,1.4587392395169534,"(1, 0, 1)","(0, 0, 0, 12)"
79938,1.0010369679761195,0.8901976948857522,1.1250993896866386,"(2, 0, 0)","(0, 0, 0, 12)"
92336,1.0421696003498864,0.8715047445883579,1.2447254296550128,"(1, 0, 0)","(1, 0, 0, 12)"
99301,0.9763579224785413,0.7278755340817894,1.3053233028128606,"(1, 0, 1)","(0, 0, 0, 12)"
20011,1.0492558872556308,0.7028722079103775,1.5568720471856954,"(0, 0, 3)","(1, 0, 0, 12)"
77095,1.041639355272278,0.8244565459228191,1.3132187271569826,"(0, 0, 2)","(2, 0, 1, 12)"
91911,1.142961926899928,0.8195158000340873,1.587263547717194,"(1, 0, 1)","(2, 0, 0, 12)"
77845,1.0418495559113232,0.8400324603949747,1.2898790153710873,"(1, 0, 1)","(1, 0, 0, 12)"
92503,1.0319867011361958,0.8022451169978647,1.3243283967169186,"(1, 0, 3)","(0, 0, 0, 12)"
94536,1.1908782816926387,0.9475652732900679,1.4937613845060895,"(1, 0, 3)","(2, 0, 0, 12)"
7002,1.0959126946538174,0.5358932457344205,2.1981154330297397,"(1, 0, 1)","(0, 0, 1, 12)"
27587,1.094458741540086,1.0009447658185147,1.196355800344584,"(1, 0, 2)","(0, 0, 0, 12)"
21740,1.0235197747175775,0.8054054357914582,1.2979173614881998,"(0, 0, 2)","(2, 0, 0, 12)"
11233,1.1980257198200204,0.5295216781636701,2.6444148432501953,"(3, 0, 0)","(0, 0, 0, 12)"
7302,1.0456942604536315,0.4779771473665364,2.2350583867160716,"(1, 0, 3)","(1, 0, 0, 12)"
90280,1.0088602563884561,0.7481283447037298,1.3555333436089172,"(2, 0, 1)","(0, 0, 1, 12)"
22191,1.0390638605628677,0.8540169098182822,1.2623757843136938,"(0, 0, 2)","(1, 0, 0, 12)"
19111,1.0227321403966145,0.719351484342298,1.4471999419327302,"(1, 0, 1)","(0, 0, 1, 12)"
89117,1.0919910930023962,0.7768294575020105,1.5281296217420095,"(1, 0, 1)","(0, 0, 0, 12)"
87120,1.0005222584758446,0.8302759228702944,1.2041000624529037,"(2, 0, 0)","(0, 0, 0, 12)"
43230,0.9731287232499475,0.6128418304044366,1.5322259420010718,"(1, 0, 2)","(0, 0, 1, 12)"
40475,1.0825374699329875,0.8822660753767163,1.326162890669419,"(1, 0, 3)","(0, 0, 0, 12)"
46227,1.046569144069764,0.7591471465628465,1.437286392999818,"(0, 0, 2)","(0, 0, 1, 12)"
11236,1.013514222586622,0.7348047637153553,1.3925533786374074,"(0, 0, 2)","(0, 0, 0, 12)"
91730,1.0720662174451834,0.7998459607867229,1.4319764002430106,"(1, 0, 1)","(0, 0, 1, 12)"
23320,0.9774737013894346,0.8209030487722717,1.1625812610773987,"(2, 0, 1)","(0, 0, 1, 12)"
74012,1.0062123576283075,0.731689553477469,1.378250580371216,"(1, 0, 1)","(0, 0, 1, 12)"
90201,0.9598074167052477,0.6863113133040994,1.3364575708476667,"(2, 0, 1)","(0, 0, 1, 12)"
92592,1.0296817182688704,0.7518705394204661,1.404833524554925,"(1, 0, 1)","(1, 0, 0, 12)"
32244,1.073169800862246,0.6729323648268885,1.697216899710293,"(3, 0, 0)","(0, 0, 0, 12)"
21117,1.0066956678027859,0.8327408345480098,1.2153520274983494,"(0, 0, 3)","(0, 0, 0, 12)"
92109,1.0384371334759972,0.7456602873323162,1.4402478495574798,"(0, 0, 2)","(0, 0, 1, 12)"
34787,1.103603927383517,0.7360620817095044,1.6441969265278102,"(1, 0, 1)","(0, 0, 0, 12)"
77450,1.0308117021500696,0.773851743748563,1.3686561826529378,"(1, 0, 1)","(0, 0, 0, 12)"
92101,0.9773599984369614,0.5437741851916573,1.7342493754801074,"(1, 0, 2)","(0, 0, 1, 12)"
32822,1.2365811918174345,0.8126638680762918,1.8687889821607053,"(1, 0, 2)","(0, 0, 1, 12)"
30080,1.1314839772906171,0.864239238968945,1.4773067722637743,"(0, 0, 2)","(1, 0, 0, 12)"
7093,1.0272492584683888,0.631329841238222,1.6567911814142002,"(0, 0, 2)","(0, 0, 1, 12)"
60626,0.9849103684741997,0.6601950880011423,1.4606119958932027,"(0, 0, 3)","(0, 0, 0, 12)"
90004,1.0108166872823467,0.6853071196264641,1.482537443906633,"(0, 0, 3)","(0, 0, 1, 12)"
28078,1.0288450675226795,0.8405374575326073,1.257400831770424,"(0, 0, 2)","(0, 0, 1, 12)"
34135,1.0258576916973907,0.8176715581669092,1.284557154602555,"(0, 0, 2)","(1, 0, 0, 12)"
90706,1.038476232242073,0.8072823120123064,1.3325890197937975,"(2, 0, 1)","(0, 0, 0, 12)"
48103,1.0534618611011302,0.8297361250925428,1.3346545678200301,"(0, 0, 2)","(1, 0, 1, 12)"
30062,1.09124815206282,0.8651387225247509,1.3736526320652667,"(2, 0, 3)","(0, 0, 0, 12)"
33186,1.0078311097714518,0.7504077673655355,1.3491545010476138,"(0, 0, 2)","(0, 0, 1, 12)"
30052,1.1432448881611255,0.9376202200126391,1.3918221799491048,"(3, 0, 0)","(0, 0, 0, 12)"
30041,0.9988393127146179,0.7349122018109286,1.352612193242039,"(1, 0, 1)","(0, 0, 0, 12)"
75217,1.188499615329747,0.5634058536958618,2.4559416839413903,"(3, 0, 1)","(0, 0, 0, 12)"
33012,1.0991729090405102,0.6559779894354558,1.8227650786067544,"(1, 0, 1)","(0, 0, 1, 12)"
30331,0.974466943579394,0.4555149546926178,2.039253115603831,"(2, 0, 0)","(0, 0, 1, 12)"
11372,1.0003696619136062,0.7097513905609294,1.4038063176695879,"(0, 0, 2)","(0, 0, 1, 12)"
32256,0.9908617918881587,0.765512383619469,1.2793623239703016,"(3, 0, 1)","(1, 0, 1, 12)"
34711,1.1042200181340847,0.9392466208480974,1.2968943451020205,"(1, 0, 3)","(0, 0, 1, 12)"
60649,0.9826228020975863,0.2997618687487253,3.057038145592479,"(0, 0, 3)","(0, 0, 1, 12)"
92335,1.1549541763609972,0.8206944085046199,1.618048664008986,"(3, 0, 0)","(0, 0, 0, 12)"
37130,1.2013726394887327,0.8330770690457882,1.7233057753548782,"(1, 0, 1)","(0, 0, 0, 12)"
23454,1.0026271779537903,0.8481031247945873,1.184062291880162,"(0, 0, 2)","(0, 0, 0, 12)"
38401,1.0185648904230293,0.7077087673538981,1.4587361892694635,"(0, 0, 2)","(0, 0, 0, 12)"
92021,1.0023577301113178,0.7738486674516898,1.2950915595229915,"(0, 0, 2)","(0, 0, 0, 12)"
48185,1.0600601057981371,0.7134704174921835,1.5654956116483147,"(1, 0, 1)","(0, 0, 0, 12)"
93065,1.0361631257809891,0.8650475312780324,1.2396152082026768,"(1, 0, 3)","(0, 0, 0, 12)"
91342,1.0372412921602183,0.7559083242515745,1.4176875887477094,"(1, 0, 1)","(1, 0, 1, 12)"
44130,0.9942415565951451,0.7589042326593909,1.298967536784187,"(1, 0, 2)","(0, 0, 0, 12)"
95747,1.0568146858010847,0.745230878023516,1.4917181782246738,"(1, 0, 1)","(1, 0, 0, 12)"
32218,1.0418015275076964,0.6489674998646644,1.658363355206201,"(0, 0, 2)","(0, 0, 1, 12)"
95123,1.3764463706455377,0.9108965001095258,2.0660703055731684,"(1, 0, 3)","(0, 0, 0, 12)"
43026,1.0014780992161416,0.7294784978409455,1.36954194208731,"(2, 0, 0)","(0, 0, 0, 12)"
20019,0.8254988434603027,0.425701956771965,1.5728565594637662,"(1, 0, 1)","(0, 0, 1, 12)"
22193,1.0335577378525174,0.8374038583052245,1.273496522078052,"(0, 0, 2)","(0, 0, 1, 12)"
45840,1.024885368553359,0.8355677444197729,1.2551318334088866,"(1, 0, 1)","(0, 0, 0, 12)"
80634,1.1859629917914665,1.0300419684094666,1.364472074575256,"(0, 0, 2)","(2, 0, 1, 12)"
2155,1.1565704947093065,0.9235786488508461,1.4456019549449508,"(0, 0, 1)","(1, 0, 1, 12)"
92627,0.988456007493056,0.6863593124863466,1.4163557713718382,"(1, 0, 1)","(0, 0, 1, 12)"
85705,1.0535470016104698,0.7492260173941545,1.475091715166231,"(0, 0, 2)","(1, 0, 0, 12)"
20878,0.9987860617751078,0.8481878976391892,1.1749515504501122,"(0, 0, 2)","(0, 0, 0, 12)"
30022,0.942856734375656,0.6710959907920193,1.3189684722621176,"(0, 0, 2)","(0, 0, 1, 12)"
23666,1.0200586661997524,0.7825427881131071,1.3261697150805438,"(1, 0, 2)","(0, 0, 0, 12)"
2360,1.0162882326264298,0.8089842717697002,1.2742187793598674,"(0, 0, 2)","(0, 0, 1, 12)"
33064,1.100153468407951,0.6800870477616552,1.7637140432351617,"(1, 0, 1)","(0, 0, 0, 12)"
20001,1.0085423110125729,0.7116240160256357,1.4226725700738307,"(1, 0, 1)","(0, 0, 1, 12)"
29072,1.005130107174955,0.8547128546352016,1.180859933253974,"(0, 0, 2)","(0, 0, 0, 12)"
11218,1.093410071575116,0.5909661904456394,1.9943958534353992,"(1, 0, 3)","(2, 0, 0, 12)"
33027,1.026292541425518,0.8556177041729933,1.2294912719400868,"(0, 0, 2)","(1, 0, 1, 12)"
89052,1.0884203667973686,0.817742640731964,1.444138813433922,"(1, 0, 3)","(1, 0, 0, 12)"
90011,0.9780499498218913,0.5957181728250668,1.590732399370636,"(1, 0, 1)","(0, 0, 0, 12)"
75206,1.0889107517787218,0.7167784553188297,1.6431004766706712,"(1, 0, 3)","(0, 0, 1, 12)"
11223,1.042539338393956,0.706155572262448,1.53048798679238,"(0, 0, 2)","(1, 0, 1, 12)"
32174,1.0487319593711373,0.6961352403507671,1.5696636500943104,"(0, 0, 2)","(1, 0, 1, 12)"
33063,1.0754702929911384,0.8127831705968024,1.418766487130582,"(2, 0, 3)","(1, 0, 0, 12)"
87121,1.0100835147586142,0.8267601764983172,1.232211455271899,"(1, 0, 2)","(0, 0, 0, 12)"
43701,1.0491681432344209,0.6833391842754704,1.5998615454995977,"(3, 0, 0)","(0, 0, 0, 12)"
90025,1.0508878175253058,0.7564745586643463,1.453987905026144,"(0, 0, 3)","(1, 0, 1, 12)"
72401,1.0128582727837003,0.6896692983445265,1.479354700480499,"(0, 0, 2)","(1, 0, 0, 12)"
90027,1.055360223534862,0.730806373951725,1.516214360488614,"(1, 0, 3)","(0, 0, 1, 12)"
10701,0.9942803765731025,0.7626024287306249,1.2929384209805603,"(0, 0, 2)","(1, 0, 0, 12)"
44077,0.9919334769835301,0.7886042106020829,1.245230228547002,"(0, 0, 2)","(0, 0, 1, 12)"
75035,0.9727920940207881,0.6785275731428859,1.3875333747891647,"(1, 0, 1)","(0, 0, 1, 12)"
8831,0.9891566820857508,0.7651749518703047,1.2755084885863959,"(1, 0, 3)","(1, 0, 0, 12)"
77082,1.095940673848612,0.8860466247170112,1.3532725115151012,"(0, 0, 2)","(1, 0, 1, 12)"
34953,1.0860336766082017,0.7594938711805161,1.5455513204996367,"(0, 0, 2)","(1, 0, 0, 12)"
94544,1.2718629757869373,1.0260647474892834,1.5738141282782847,"(1, 0, 3)","(0, 0, 1, 12)"
19124,1.9106983536580928,1.309762719148176,2.77258172846342,"(1, 0, 3)","(1, 0, 0, 12)"
78641,1.0016373082565522,0.7743771221117635,1.292363676124584,"(0, 0, 3)","(0, 0, 1, 12)"
60616,1.0039413237006305,0.8052104141314643,1.2494374624445335,"(0, 0, 2)","(0, 0, 1, 12)"
97402,1.0888134695469038,0.7783776580505878,1.5163881012957912,"(1, 0, 0)","(0, 0, 1, 12)"
43228,1.0278247919203198,0.676963270547357,1.5501721856573496,"(1, 0, 1)","(0, 0, 0, 12)"
33313,1.037803416354237,0.5287559520375859,2.001202361135319,"(1, 0, 1)","(1, 0, 0, 12)"
75150,1.5673748426150573,1.058536901815108,2.3075079084605448,"(1, 0, 1)","(2, 0, 0, 12)"
95051,1.1692050252255033,0.8059787038712507,1.687497121657867,"(0, 0, 2)","(1, 0, 1, 12)"
20147,1.0541152960256492,0.870223891707144,1.27511362036133,"(0, 0, 2)","(2, 0, 0, 12)"
55901,1.0937867645051498,0.7136293069089116,1.6641155701552475,"(1, 0, 1)","(1, 0, 1, 12)"
23452,0.9952470775787332,0.8195402062420809,1.2069128761868169,"(0, 0, 3)","(0, 0, 0, 12)"
91710,1.1144598579478215,0.7486650903028359,1.6486947457907852,"(1, 0, 1)","(0, 0, 0, 12)"
91335,1.0883527802271775,0.7560502425920863,1.5584084284280493,"(1, 0, 3)","(2, 0, 0, 12)"
35242,1.1025310795836578,0.8636335355607938,1.4043257450343818,"(2, 0, 2)","(1, 0, 0, 12)"
30127,1.2744757781083338,0.7589868623684337,2.1187726262529702,"(0, 0, 3)","(2, 0, 1, 12)"
71913,1.000211819607302,0.7948021870523456,1.2562222488384884,"(0, 0, 2)","(0, 0, 0, 12)"
90731,1.0131196906284448,0.7896495287766906,1.2967873954922893,"(1, 0, 1)","(0, 0, 0, 12)"
29730,1.0128200808585837,0.5183736707967256,1.9455518505829499,"(1, 0, 2)","(1, 0, 0, 12)"
80015,1.0893730036661642,0.8134205982120136,1.4539503532452784,"(1, 0, 2)","(0, 0, 0, 12)"
32225,1.0041566999522702,0.7158998085762538,1.4024565110140106,"(0, 0, 2)","(0, 0, 1, 12)"
95687,1.0622448948675471,0.7267081604120154,1.5441331752983236,"(1, 0, 1)","(0, 0, 0, 12)"
27713,1.0380780570828774,0.8285905621303611,1.2979523000821118,"(1, 0, 1)","(0, 0, 0, 12)"
77840,1.080424351006659,0.6916920834525453,1.67492559682465,"(1, 0, 2)","(0, 0, 1, 12)"
30004,1.022750621925934,0.7592394031859058,1.3730041980629009,"(1, 0, 3)","(0, 0, 0, 12)"
43068,1.0698343160520163,0.7706156794717818,1.4789747511018658,"(1, 0, 1)","(1, 0, 0, 12)"
93550,1.0850974434346494,0.8520815999247309,1.3787704094308124,"(1, 0, 1)","(1, 0, 0, 12)"
11208,0.9992065576762599,0.4788582087272837,2.043293740889648,"(1, 0, 2)","(0, 0, 1, 12)"
89123,1.0984199190232087,0.7646940899401894,1.5696819097789507,"(1, 0, 1)","(0, 0, 0, 12)"
94509,1.2161896568357777,0.7712164345528795,1.9022662534050563,"(3, 0, 0)","(0, 0, 0, 12)"
80525,1.0644428134808157,0.8128073063700261,1.389929678363674,"(1, 0, 0)","(1, 0, 1, 12)"
78501,1.0503126447615674,0.7130518596716903,1.5384407129790973,"(1, 0, 1)","(1, 0, 0, 12)"
48823,1.002911218308247,0.7214292218531144,1.3885458364077197,"(0, 0, 3)","(1, 0, 0, 12)"
63123,1.0446251643405733,0.7942537559707449,1.3700101289795155,"(1, 0, 1)","(1, 0, 0, 12)"
40601,1.0042936492530288,0.7341269220678891,1.368786000065176,"(3, 0, 0)","(2, 0, 1, 12)"
21215,0.8861176264262267,0.27310945241127144,2.7336456598779475,"(0, 0, 2)","(0, 0, 1, 12)"
29464,1.2257167177262422,0.805267561617125,1.8524432061209208,"(1, 0, 1)","(0, 0, 1, 12)"
60622,0.9962829154412539,0.6933939108850793,1.4244907460760092,"(0, 0, 2)","(0, 0, 1, 12)"
7087,1.1132578333144427,0.5606612633475931,2.1717225119692873,"(1, 0, 2)","(0, 0, 1, 12)"
32828,1.1397485088978354,0.842166763180594,1.5369396105241273,"(1, 0, 1)","(0, 0, 0, 12)"
77057,1.038474528762545,0.6876859402800763,1.5581744533217643,"(3, 0, 0)","(0, 0, 0, 12)"
23451,1.0024265411497317,0.7861256943251821,1.2754109828215094,"(0, 0, 2)","(0, 0, 1, 12)"
23223,0.9762740229137364,0.5743820752579781,1.6416737162974906,"(3, 0, 0)","(1, 0, 0, 12)"
60615,1.0004161240815082,0.6791276354922722,1.4654851160366902,"(0, 0, 2)","(0, 0, 1, 12)"
42101,1.0815967254168906,0.7643490670279894,1.523543958937157,"(1, 0, 1)","(0, 0, 0, 12)"
45601,1.006075121627293,0.6572652880405621,1.5296451267948938,"(0, 0, 2)","(0, 0, 0, 12)"
30135,1.0899128995521157,0.6694453847651395,1.7585018819988618,"(2, 0, 0)","(0, 0, 0, 12)"
27284,1.0031761211640748,0.8472806627657318,1.1864954806018144,"(0, 0, 2)","(0, 0, 0, 12)"
19446,0.9309253394869318,0.7028116995054671,1.2293745326871919,"(0, 0, 2)","(0, 0, 1, 12)"
14221,1.007974732503194,0.8250984568365712,1.2295598988227978,"(0, 0, 1)","(0, 0, 1, 12)"
98115,1.1123101325185463,0.6934337047563974,1.7684626862749984,"(1, 0, 1)","(0, 0, 1, 12)"
60641,0.9914404921634956,0.6531781933731889,1.4947680892756148,"(1, 0, 2)","(0, 0, 1, 12)"
94122,1.0243130036813115,0.7072661219686575,1.4758980921839713,"(0, 0, 2)","(0, 0, 1, 12)"
93727,1.0726569395649879,0.839787252581184,1.3669524044583579,"(3, 0, 0)","(0, 0, 0, 12)"
76116,1.0843782633806516,0.7543749217140334,1.5510672050341547,"(0, 0, 2)","(1, 0, 0, 12)"
21122,1.0470376261154324,0.8634260773126251,1.2679297311211526,"(0, 0, 2)","(2, 0, 1, 12)"
93536,1.0619520826035278,0.7789881190201291,1.442264405359852,"(1, 0, 1)","(0, 0, 0, 12)"
93535,1.0950234600953437,0.7338310542729753,1.623863347597247,"(1, 0, 1)","(0, 0, 0, 12)"
85251,1.1222100883308854,0.7125616229595342,1.7533998114019564,"(1, 0, 1)","(1, 0, 0, 12)"
60453,1.0005478668094976,0.8082944804366344,1.236426644633904,"(0, 0, 2)","(0, 0, 0, 12)"
33319,1.1679607314939933,0.7184329980381731,1.8811605337784694,"(1, 0, 1)","(1, 0, 0, 12)"
78249,1.0393523847719897,0.8356969991706393,1.2903020416539717,"(0, 0, 2)","(0, 0, 1, 12)"
19020,0.935295514721124,0.7115176571811413,1.2259127563421055,"(1, 0, 1)","(1, 0, 1, 12)"
33321,1.0635379289350506,0.7768067044647224,1.4505074050705948,"(3, 0, 0)","(0, 0, 0, 12)"
95758,1.0450480614840432,0.783040080703424,1.3902622948659047,"(2, 0, 3)","(0, 0, 1, 12)"
60660,0.9756187397413413,0.5986782478389568,1.5755305010621294,"(1, 0, 2)","(0, 0, 1, 12)"
93306,0.9487312151306954,0.7112083163684206,1.2615308456176915,"(1, 0, 1)","(0, 0, 1, 12)"
73160,1.0070559169976177,0.7870737194764358,1.2855566902023297,"(1, 0, 2)","(0, 0, 0, 12)"
14580,0.9687543352297506,0.5171220751420189,1.7877357846476791,"(1, 0, 3)","(0, 0, 1, 12)"
19720,0.9387458675210817,0.5220697811676687,1.6665729997754468,"(2, 0, 1)","(1, 0, 1, 12)"
89031,1.1192398470084874,0.7938190812854005,1.5706540039223336,"(1, 0, 1)","(0, 0, 1, 12)"
93257,1.0301292178201187,0.7493249224248064,1.410799420329247,"(0, 0, 2)","(0, 0, 1, 12)"
19120,1.0039073108677214,0.5609077926204322,1.7743777880767313,"(0, 0, 2)","(0, 0, 0, 12)"
27707,1.0973033988607084,0.8058862070215125,1.4884864138483715,"(1, 0, 1)","(0, 0, 0, 12)"
11204,1.117526094943254,0.9294590900942734,1.3419277896830233,"(1, 0, 3)","(0, 0, 0, 12)"
93307,1.0410830148614312,0.7677724548160361,1.4067215155896535,"(1, 0, 1)","(0, 0, 1, 12)"
33467,0.9930740494666985,0.7143683634588831,1.3747557595916562,"(1, 0, 1)","(1, 0, 1, 12)"
22204,1.046452735843074,0.8029968819791546,1.3602027443750082,"(2, 0, 1)","(0, 0, 1, 12)"
20874,0.9970069325649251,0.8094406340041702,1.2260365528500599,"(0, 0, 2)","(0, 0, 0, 12)"
37128,1.2467614435699885,0.9613902609565889,1.6124761761757482,"(3, 0, 0)","(0, 0, 0, 12)"
93309,1.0246145729637515,0.7498787207655327,1.3948394188168356,"(1, 0, 1)","(0, 0, 0, 12)"
95035,0.9510074466540335,0.5744886411103289,1.5595080226809213,"(0, 0, 2)","(0, 0, 1, 12)"
31419,1.0122305886627407,0.794728068929634,1.2863982135134628,"(3, 0, 2)","(0, 0, 1, 12)"
66061,1.090753695962363,0.7182609008248108,1.6446900195154555,"(1, 0, 0)","(1, 0, 0, 12)"
11219,1.0283852132280016,0.6279526157377711,1.6689947687452822,"(0, 0, 2)","(0, 0, 0, 12)"
21222,0.9691892830481932,0.6057554440126118,1.538012594757051,"(0, 0, 2)","(0, 0, 1, 12)"
60056,0.9987323845532905,0.7866891439376474,1.2652019934186345,"(1, 0, 2)","(0, 0, 0, 12)"
27703,1.033861658294536,0.7775757250256827,1.3703468238530916,"(1, 0, 1)","(0, 0, 0, 12)"
85282,1.0990974218706548,0.7906517391133246,1.5214556966840218,"(1, 0, 1)","(0, 0, 0, 12)"
29223,1.016393806900862,0.7252188466384099,1.4183363505307378,"(1, 0, 1)","(1, 0, 0, 12)"
93230,1.0076884062187605,0.7566684060112985,1.3378931860401164,"(0, 0, 2)","(1, 0, 1, 12)"
72712,1.118026814857488,0.73758418132551,1.683648936976763,"(2, 0, 1)","(0, 0, 1, 12)"
29445,1.3329957414859133,0.932406651763608,1.8958800755946357,"(1, 0, 3)","(2, 0, 1, 12)"
75043,0.9843181078814307,0.6190128584384055,1.5512870477473066,"(2, 0, 2)","(0, 0, 1, 12)"
33157,1.0676460497339166,0.5743044424660457,1.9556075794342667,"(1, 0, 2)","(1, 0, 0, 12)"
90802,1.0281854896537574,0.5404896602575143,1.926232049498833,"(0, 0, 3)","(0, 0, 1, 12)"
94538,1.0775078343287117,0.7309282941423364,1.5792402219414203,"(1, 0, 1)","(0, 0, 0, 12)"
37064,1.0075253191839517,0.7675228546801464,1.318754092782317,"(1, 0, 1)","(0, 0, 0, 12)"
98682,1.0934683424429905,0.8660908139640972,1.3776007065727982,"(3, 0, 0)","(0, 0, 0, 12)"
94541,1.0410591056631706,0.6390838744714483,1.6801928899405774,"(1, 0, 1)","(0, 0, 0, 12)"
95076,0.9165222245877486,0.5749162807207162,1.4493472970713084,"(0, 0, 2)","(0, 0, 1, 12)"
60085,1.0101416609180542,0.38211401326016087,2.579935948942936,"(0, 0, 3)","(0, 0, 0, 12)"
98133,1.0156312659013318,0.6317891310294768,1.6181428871083656,"(1, 0, 1)","(0, 0, 1, 12)"
28601,1.007523297088691,0.8312592035590932,1.219485001414755,"(0, 0, 2)","(0, 0, 0, 12)"
70726,1.0140353418973143,0.8095050765470665,1.2677959046678027,"(3, 0, 0)","(1, 0, 0, 12)"
77007,1.038864518949093,0.775039629467309,1.387855895331694,"(1, 0, 1)","(0, 0, 0, 12)"
75002,1.0479617570412212,0.6887120863063184,1.5834774312722664,"(1, 0, 1)","(0, 0, 1, 12)"
92630,1.0843046892492398,0.8377104909179687,1.3998791685455856,"(1, 0, 1)","(1, 0, 1, 12)"
93274,1.0188912297601642,0.7954867175721082,1.302074539180564,"(0, 0, 2)","(1, 0, 1, 12)"
31907,1.0102288393579495,0.5698244565396181,1.7692176889853048,"(0, 0, 2)","(0, 0, 1, 12)"
28216,1.36197055233506,1.0895827938786846,1.6992702655528225,"(2, 0, 2)","(1, 0, 0, 12)"
38655,1.0125415801305668,0.7587842039951247,1.3469693932191116,"(0, 0, 2)","(0, 0, 1, 12)"
46143,1.0262024379772299,0.806956035082711,1.3021864857103767,"(2, 0, 0)","(0, 0, 0, 12)"
37167,1.2611787598742021,0.889813046419567,1.7787831036523885,"(1, 0, 1)","(0, 0, 0, 12)"
32792,1.1088998228822253,0.7095304488044812,1.7196773853250966,"(1, 0, 3)","(1, 0, 1, 12)"
92647,1.0056957579791794,0.846930932471025,1.1928794789706685,"(3, 0, 1)","(0, 0, 0, 12)"
31088,1.025589442451426,0.8002962833018534,1.3112599617349756,"(1, 0, 2)","(0, 0, 0, 12)"
36117,0.996410734295854,0.7592954523741198,1.3039821915398941,"(0, 0, 3)","(0, 0, 1, 12)"
37122,1.0370816714951903,0.8280469268518067,1.2964036187183798,"(0, 0, 2)","(0, 0, 1, 12)"
32246,1.0055531144164014,0.6511419673771337,1.5418636251003193,"(0, 0, 3)","(0, 0, 1, 12)"
20020,1.0155181966149518,0.6737513902431811,1.5210662464502527,"(0, 0, 2)","(0, 0, 0, 12)"
77521,1.067967366554023,0.843808121904386,1.3487076309268162,"(2, 0, 0)","(0, 0, 0, 12)"
99208,1.0031223381273384,0.7496748690238891,1.3380111324357156,"(0, 0, 2)","(0, 0, 0, 12)"
77083,1.1546816797485895,0.8029023998908519,1.652105387591263,"(1, 0, 1)","(0, 0, 0, 12)"
63021,1.005021467231581,0.8477327484930823,1.1901797135780354,"(0, 0, 2)","(0, 0, 1, 12)"
11368,1.0022426397984803,0.680617206106657,1.4676215059896447,"(0, 0, 2)","(0, 0, 0, 12)"
29681,1.0886506117013415,0.7977102390362373,1.4798941740373681,"(1, 0, 1)","(0, 0, 1, 12)"
28205,1.4482736644649037,0.9964491433699527,2.0932584871136672,"(3, 0, 0)","(0, 0, 0, 12)"
30253,1.0776665523279718,0.8924257858493093,1.2996398592955904,"(0, 0, 2)","(1, 0, 1, 12)"
29485,1.0674990021125563,0.8291661720566589,1.3709282708311452,"(1, 0, 1)","(0, 0, 0, 12)"
92104,1.0163412151844475,0.7970653541021557,1.2930468539946802,"(3, 0, 1)","(0, 0, 1, 12)"
92115,1.019271149625054,0.7261090349846246,1.4245595113967047,"(1, 0, 1)","(0, 0, 1, 12)"
90631,1.0134904812709298,0.8008893897390736,1.279831389401614,"(1, 0, 1)","(0, 0, 0, 12)"
15301,0.9839183403081104,0.7597098071032468,1.2710489603370434,"(1, 0, 2)","(1, 0, 1, 12)"
6516,0.9926544325464691,0.8054926572169115,1.2213268802494766,"(0, 0, 2)","(1, 0, 0, 12)"
27705,1.0599541376374708,0.7949573117796451,1.4088029538891877,"(1, 0, 1)","(0, 0, 0, 12)"
97045,-2.3153381704859328e+17,3.768786089165965e+17,1.816024890897998e+21,"(2, 0, 1)","(0, 0, 1, 12)"
1960,1.0041011825108956,0.8180321478582173,1.2305614737053088,"(0, 0, 2)","(0, 0, 1, 12)"
17331,1.0027686499168211,0.8327703445879827,1.2059168059836436,"(0, 0, 2)","(0, 0, 0, 12)"
32608,1.0266199609692812,0.7898445872580765,1.330939041724937,"(0, 0, 2)","(1, 0, 0, 12)"
78758,1.0371294428446356,0.5055322942214734,2.085667353130822,"(2, 0, 1)","(0, 0, 1, 12)"
11203,1.0154299085175789,0.6921101503795448,1.481654216679144,"(0, 0, 2)","(0, 0, 1, 12)"
33511,1.0255788692304586,0.6586877785425779,1.58475483334965,"(1, 0, 1)","(1, 0, 0, 12)"
63129,0.9981150429680604,0.7977223463131097,1.2464961247221291,"(0, 0, 3)","(0, 0, 1, 12)"
85022,1.0351618181168285,0.8054723242339992,1.3270821625536866,"(3, 0, 2)","(1, 0, 0, 12)"
92154,1.023060310373783,0.703054080462666,1.480572277732452,"(1, 0, 1)","(1, 0, 0, 12)"
85204,1.1074197735560862,0.7861614541812841,1.5528496919765753,"(1, 0, 1)","(0, 0, 0, 12)"
94513,1.1255453313917918,0.8498494859073726,1.4860854647769193,"(1, 0, 1)","(0, 0, 0, 12)"
87124,1.0046455178892917,0.7960372475277332,1.2653373423301513,"(0, 0, 3)","(0, 0, 0, 12)"
78251,1.0189476831397075,0.8273984131582278,1.252798161616954,"(0, 0, 2)","(1, 0, 0, 12)"
78741,1.2942961893925948,0.6549293190376749,2.5115414479829665,"(1, 0, 3)","(0, 0, 1, 12)"
89110,1.0936578105458707,0.6197065875679936,1.90526769229098,"(1, 0, 1)","(0, 0, 1, 12)"
92646,1.0005136191039496,0.8071722023656941,1.2380073714454034,"(1, 0, 1)","(1, 0, 0, 12)"
94587,1.064960857768269,0.6763865456765825,1.6634236592129434,"(1, 0, 1)","(1, 0, 0, 12)"
37040,1.010374556077265,0.8449890394031371,1.2066854137754042,"(0, 0, 2)","(0, 0, 1, 12)"
74133,0.9945664621116724,0.8165042744470193,1.209673151709265,"(1, 0, 1)","(1, 0, 0, 12)"
98122,1.033042768154057,0.6603243357394092,1.6027771282096261,"(2, 0, 3)","(0, 0, 1, 12)"
11220,0.9320982063855382,0.5643808808113976,1.5248069613118178,"(1, 0, 2)","(1, 0, 1, 12)"
30066,1.0082782913890507,0.7493353418120635,1.3522443215543065,"(0, 0, 2)","(0, 0, 0, 12)"
21224,0.9946981437669975,0.5568241059835799,1.754911060554247,"(0, 0, 2)","(0, 0, 0, 12)"
28215,1.1133515326552987,0.767074518954309,1.6072555328309797,"(1, 0, 1)","(0, 0, 0, 12)"
20852,0.9837199256732164,0.8164459889349351,1.183693903509532,"(0, 0, 2)","(1, 0, 1, 12)"
85142,1.1261425246532215,0.9497918886104083,1.333762232002231,"(1, 0, 3)","(0, 0, 1, 12)"
33458,1.0218235940836913,0.859802659957879,1.2130248984216225,"(0, 0, 2)","(2, 0, 1, 12)"
98632,1.0694971849035302,0.5433456756348236,2.06974177728887,"(0, 0, 2)","(1, 0, 1, 12)"
95355,1.1237573926770044,0.6717350807233889,1.8609342215519526,"(1, 0, 1)","(0, 0, 0, 12)"
83301,1.0510235702378938,0.7668124601170715,1.4351270189623089,"(2, 0, 1)","(1, 0, 1, 12)"
75211,1.0364537387032449,0.5195065811968697,2.0301730829885716,"(1, 0, 2)","(0, 0, 1, 12)"
59901,1.2323430630802221,0.8673695827578016,1.7425075400419123,"(1, 0, 3)","(0, 0, 1, 12)"
95670,1.0108711915375463,0.750853539065237,1.3563779956903965,"(1, 0, 3)","(0, 0, 0, 12)"
85345,1.0809789495359516,0.7841588633246676,1.4838981929762978,"(3, 0, 2)","(0, 0, 1, 12)"
21061,0.9993368339803754,0.8083207973704916,1.2334040636320176,"(1, 0, 2)","(0, 0, 0, 12)"
32765,1.0195012022860128,0.806253723339779,1.2865032569635573,"(0, 0, 2)","(1, 0, 0, 12)"
92376,1.0936210734855383,0.7815250213248123,1.5236525877030145,"(3, 0, 0)","(0, 0, 0, 12)"
43229,1.129564195972163,0.8725159748578861,1.4585812157253637,"(2, 0, 3)","(0, 0, 1, 12)"
60148,1.0095218149749359,0.8140932203010537,1.2496474822968717,"(1, 0, 1)","(1, 0, 0, 12)"
97401,1.1494632815190415,0.7617768870341328,1.7227568170857561,"(1, 0, 2)","(1, 0, 0, 12)"
37421,1.0397081400895594,0.8073073502923978,1.3357274189496944,"(1, 0, 1)","(0, 0, 0, 12)"
37066,1.0655660883110074,0.6899705381045438,1.6333569537161379,"(1, 0, 1)","(2, 0, 1, 12)"
95014,1.1813946539573947,0.7337341486281193,1.8853968274184043,"(2, 0, 3)","(1, 0, 0, 12)"
94568,1.0285008433932865,0.722545687351939,1.4570784769774814,"(1, 0, 1)","(0, 0, 0, 12)"
37027,1.0003307164856061,0.8118854291551176,1.2305035020360398,"(0, 0, 2)","(0, 0, 0, 12)"
45044,0.9953640970017023,0.7604945867774456,1.2992567146453666,"(0, 0, 2)","(0, 0, 1, 12)"
19067,1.0094144486437449,0.8303870237961963,1.2252653037256804,"(1, 0, 3)","(0, 0, 1, 12)"
19134,1.0675557400553406,0.31831435562125204,3.3946313819811786,"(1, 0, 3)","(0, 0, 1, 12)"
28210,1.061580753053942,0.7285619514110038,1.5381651339358176,"(1, 0, 1)","(0, 0, 1, 12)"
33414,1.0288741626726032,0.8322735414406701,1.2697587373557722,"(1, 0, 1)","(1, 0, 0, 12)"
30263,1.0889965712511458,0.7897176856453652,1.4959260763908944,"(0, 0, 2)","(1, 0, 1, 12)"
92105,1.0443225758867167,0.8076365170337448,1.3470080862558405,"(1, 0, 3)","(0, 0, 0, 12)"
28227,1.2443085215347025,0.8469678699114176,1.8173863846266929,"(2, 0, 1)","(0, 0, 0, 12)"
45013,0.9951135017944079,0.7787951950986423,1.2686770595313128,"(0, 0, 2)","(0, 0, 0, 12)"
85008,1.0214240277161106,0.5888029616129653,1.752070393350884,"(0, 0, 2)","(0, 0, 0, 12)"
11216,1.0341248036120314,0.5040921671611598,2.081565865448113,"(0, 0, 2)","(1, 0, 1, 12)"
70072,0.9052758938332256,0.439824323136247,1.8261488496015363,"(1, 0, 3)","(0, 0, 1, 12)"
27519,1.012413746517649,0.8877420825078342,1.1538481351097056,"(0, 0, 2)","(1, 0, 1, 12)"
23322,1.002842751191084,0.8282011206637657,1.2126422949011417,"(3, 0, 3)","(0, 0, 0, 12)"
94080,1.0682691557830237,0.7380090230588222,1.5384232150610364,"(0, 0, 2)","(0, 0, 1, 12)"
38305,1.0175825498957647,0.8261374266527741,1.2513559477018457,"(1, 0, 1)","(0, 0, 0, 12)"
33433,1.0103323806015079,0.7162678059000137,1.4186476404607642,"(1, 0, 1)","(0, 0, 0, 12)"
92122,1.0089217263620953,0.7797264174403109,1.3021859130252484,"(1, 0, 3)","(0, 0, 0, 12)"
42701,1.0222536219973486,0.8025551675991189,1.2992246661803206,"(1, 0, 2)","(0, 0, 0, 12)"
89074,1.1104272196049667,0.7261706892027584,1.685931258795533,"(1, 0, 1)","(0, 0, 0, 12)"
89103,1.115605347138077,0.726665670002806,1.7006027348204218,"(1, 0, 2)","(0, 0, 0, 12)"
77346,1.1538359866477246,0.9133817406492082,1.45446077051991,"(2, 0, 0)","(0, 0, 1, 12)"
23455,0.9087239101588674,0.6264988397155365,1.3110325899772317,"(0, 0, 2)","(2, 0, 1, 12)"
14094,1.0165475702171316,0.7873806564343546,1.3092348327481695,"(0, 0, 2)","(0, 0, 1, 12)"
47150,1.0183043682396287,0.6742675040747886,1.5281378434090385,"(1, 0, 2)","(1, 0, 1, 12)"
79924,0.9954431373415841,0.7799154459259529,1.267716584537652,"(1, 0, 1)","(0, 0, 0, 12)"
30058,1.0687373956069963,0.5692471955082288,1.9762209578717969,"(2, 0, 1)","(0, 0, 0, 12)"
30047,1.1351248138184387,0.8844387043568757,1.453365631559887,"(3, 0, 0)","(0, 0, 0, 12)"
12180,0.9865237343571143,0.8073779694873303,1.203618035473641,"(1, 0, 1)","(1, 0, 1, 12)"
30101,1.0079995417412533,0.7600812049780544,1.3328071372550974,"(0, 0, 2)","(0, 0, 0, 12)"
33015,1.0054731344495373,0.6163628473163151,1.6251093186662608,"(1, 0, 1)","(0, 0, 0, 12)"
60608,1.0104267611128905,0.6157407766139871,1.6430044759456819,"(3, 0, 1)","(0, 0, 1, 12)"
41042,1.0212997743338887,0.8164400276274107,1.2751543835262813,"(2, 0, 1)","(0, 0, 0, 12)"
92648,0.9773413836546629,0.6713136716168361,1.4152572182562793,"(1, 0, 1)","(0, 0, 1, 12)"
55124,1.0107243023675265,0.8068013148174759,1.263782425477351,"(0, 0, 2)","(0, 0, 0, 12)"
32303,0.9964387703371738,0.7449660275519724,1.3285982896695911,"(0, 0, 2)","(2, 0, 0, 12)"
78753,1.0289196036332708,0.6193841773048063,1.692494664541359,"(2, 0, 0)","(0, 0, 0, 12)"
92620,1.1349308933613989,0.8525084674808168,1.50614756126576,"(1, 0, 1)","(2, 0, 0, 12)"
94112,0.9682604522410808,0.5525803229682822,1.6760385783267169,"(1, 0, 2)","(0, 0, 1, 12)"
37129,1.2454886858839787,0.879975457632899,1.7543239847073118,"(1, 0, 1)","(0, 0, 0, 12)"
90640,0.9632573614763407,0.6550103389105123,1.4083023097941554,"(1, 0, 2)","(2, 0, 0, 12)"
78759,1.0795375616789427,0.8478332405259618,1.3715377522051329,"(3, 0, 2)","(1, 0, 0, 12)"
48439,1.0055819418554315,0.7230983082731814,1.39275071780954,"(0, 0, 2)","(0, 0, 0, 12)"
89148,1.2021634330816677,0.7228415431469255,1.978932496889961,"(1, 0, 2)","(1, 0, 1, 12)"
78254,1.0390158515990706,0.8795429564567725,1.2260888628377178,"(1, 0, 1)","(0, 0, 0, 12)"
33141,0.9891363947170971,0.5109131206910744,1.8839766881092934,"(1, 0, 2)","(1, 0, 0, 12)"
95112,1.2546102778780917,0.7345960403530716,2.1190914103387946,"(1, 0, 3)","(1, 0, 0, 12)"
78664,1.1362749280757025,0.8195353180679436,1.5688384666167745,"(1, 0, 1)","(0, 0, 0, 12)"
96815,1.0379485722745068,0.6818131247891852,1.569556127686163,"(1, 0, 2)","(1, 0, 0, 12)"
94087,1.4577265486802948,0.6538877951385301,3.1690560095184117,"(2, 0, 2)","(2, 0, 0, 12)"
98208,1.0175445077231733,0.7001258125753286,1.4711799660201759,"(0, 0, 2)","(0, 0, 0, 12)"
19148,1.0730128965159111,0.602779981101326,1.8855898177538688,"(1, 0, 1)","(1, 0, 0, 12)"
7305,1.1397855675955142,0.5159307656171301,2.4595576449834446,"(1, 0, 1)","(0, 0, 0, 12)"
32825,1.107662535169262,0.7310906657427791,1.667004629497529,"(1, 0, 1)","(0, 0, 0, 12)"
53704,1.0320692946700445,0.7858930982871469,1.3514914740288104,"(1, 0, 1)","(0, 0, 0, 12)"
1201,1.0034046773790635,0.8323575940884322,1.208023647976916,"(2, 0, 1)","(0, 0, 1, 12)"
20904,1.0160474030250026,0.8424948245119189,1.2237412973631998,"(2, 0, 3)","(0, 0, 0, 12)"
95648,1.0499412087805506,0.735512562260276,1.4915340572231002,"(1, 0, 1)","(1, 0, 0, 12)"
84404,1.1063737672047318,0.7615722669371704,1.5986513520530226,"(1, 0, 1)","(0, 0, 0, 12)"
59102,1.0068507455723337,0.6918507208158902,1.457593050708707,"(2, 0, 1)","(0, 0, 1, 12)"
8759,0.952602274703704,0.6693165715915056,1.34936385547539,"(1, 0, 1)","(2, 0, 1, 12)"
77070,1.0825259625555776,0.892519686844036,1.3110545676610128,"(3, 0, 0)","(0, 0, 0, 12)"
2151,1.076102260882387,0.8098288287761666,1.4256129107810493,"(0, 0, 2)","(1, 0, 1, 12)"
19131,1.1064636057810244,0.28926425544421536,3.9655770420905867,"(1, 0, 2)","(0, 0, 1, 12)"
96706,1.0891777026054772,0.9602997498702328,1.234610314426543,"(2, 0, 3)","(0, 0, 1, 12)"
78209,1.0284419823268922,0.7755016649753074,1.3598131695333942,"(0, 0, 2)","(2, 0, 0, 12)"
75204,1.1626293887804393,0.860027806862746,1.5663158616544524,"(2, 0, 3)","(0, 0, 0, 12)"
39759,1.0334033730591126,0.8330748337170396,1.2796733000917064,"(2, 0, 2)","(2, 0, 0, 12)"
95125,1.1437062276817207,0.7429577830864114,1.7479126570852357,"(1, 0, 3)","(1, 0, 0, 12)"
33436,1.001903327990118,0.7030522320887139,1.4211151138848523,"(0, 0, 2)","(0, 0, 0, 12)"
90036,0.9987603516442226,0.637573075723601,1.552838040164716,"(0, 0, 3)","(0, 0, 1, 12)"
97124,1.120756135817945,0.7767185659962794,1.6085323596687624,"(1, 0, 1)","(2, 0, 0, 12)"
54601,1.0163423859311678,0.7763276728108213,1.3269575605043278,"(2, 0, 2)","(1, 0, 0, 12)"
33463,1.054078479094319,0.6190560580465782,1.7751737279902613,"(1, 0, 2)","(0, 0, 0, 12)"
29579,1.042851420802795,0.8125476334825517,1.3353276478242908,"(1, 0, 3)","(0, 0, 0, 12)"
33021,1.0595232681633158,0.8042616055189212,1.3917956050107856,"(1, 0, 3)","(0, 0, 0, 12)"
33324,1.0324998456167436,0.8283920421442383,1.2845662649092526,"(0, 0, 3)","(1, 0, 1, 12)"
6511,0.9802962098625319,0.6499153272101172,1.4693468905719678,"(0, 0, 2)","(1, 0, 0, 12)"
7047,1.1021753744712048,0.6747844189018773,1.7841609089926307,"(3, 0, 1)","(0, 0, 1, 12)"
92562,0.9233603544961161,0.6882230562613135,1.234703964128498,"(1, 0, 1)","(0, 0, 1, 12)"
98034,1.0597975904443795,0.6997478972360541,1.5942792501185634,"(1, 0, 3)","(0, 0, 0, 12)"
8873,0.9936710762639868,0.8119238259730247,1.2142429057432487,"(0, 0, 2)","(1, 0, 0, 12)"
76179,7.223850243325319e+221,-3.864829581965244e+227,1.2610254294182165e+228,"(2, 0, 1)","(0, 0, 0, 12)"
77375,1.0453190074146195,0.8245278534133857,1.3223373511028376,"(1, 0, 1)","(0, 0, 1, 12)"
11354,1.0570950157584844,0.775114039296981,1.4363369189155315,"(2, 0, 1)","(1, 0, 0, 12)"
30067,1.0972425235137488,0.7145818153623416,1.6730384664456177,"(2, 0, 1)","(0, 0, 1, 12)"
60004,0.9870856450356592,0.8408781550216922,1.1575929414609745,"(1, 0, 3)","(1, 0, 0, 12)"
20910,0.9855331045014515,0.7592799352067955,1.2759064390369073,"(1, 0, 3)","(0, 0, 0, 12)"
11746,0.9782951517101318,0.7373091177558767,1.294169942905231,"(0, 0, 2)","(0, 0, 1, 12)"
30075,1.0085147083383128,0.6886160053161535,1.4685721742974058,"(1, 0, 1)","(2, 0, 0, 12)"
85255,0.9969175064788923,0.825709497537264,1.202002861126946,"(1, 0, 1)","(0, 0, 0, 12)"
53711,1.0709054275333212,0.866228125245745,1.3216465795364074,"(2, 0, 1)","(0, 0, 0, 12)"
2780,1.0196100284506182,0.805216780368098,1.2883941890132424,"(0, 0, 2)","(1, 0, 0, 12)"
2135,1.040536686851018,0.7581128129689716,1.4228365326007426,"(1, 0, 3)","(1, 0, 1, 12)"
76137,1.0935023049319477,0.7852501041388404,1.5161596079870285,"(1, 0, 1)","(0, 0, 0, 12)"
34668,1.5304689884624973,0.9352520560187612,2.4813801892683336,"(1, 0, 3)","(0, 0, 0, 12)"
45140,1.0060932033068675,0.7247577928726863,1.3909353271850036,"(1, 0, 2)","(1, 0, 1, 12)"
92117,1.0188239187390515,0.7736939753323419,1.337752056297702,"(3, 0, 1)","(0, 0, 0, 12)"
32771,1.0433451161403342,0.7588400821380956,1.4291006303879044,"(0, 0, 2)","(1, 0, 0, 12)"
43302,0.9905381516209663,0.7330679753082543,1.333962775441146,"(0, 0, 2)","(0, 0, 1, 12)"
8527,0.9962834809586437,0.8022138874683535,1.235116867004058,"(1, 0, 1)","(0, 0, 1, 12)"
92130,1.024173816962551,0.7948562010308126,1.316490859492109,"(2, 0, 1)","(0, 0, 0, 12)"
22407,1.0488231854762804,0.7504774619366588,1.4594225943915022,"(0, 0, 3)","(2, 0, 1, 12)"
22201,0.9535022024021004,0.6182868817895938,1.4599309627602846,"(2, 0, 1)","(0, 0, 1, 12)"
19711,0.9712045762899485,0.6289315028031561,1.4891690130122814,"(2, 0, 0)","(0, 0, 0, 12)"
92128,1.002065001559171,0.7870492362617235,1.2730297631314196,"(0, 0, 2)","(0, 0, 0, 12)"
89147,1.0482533229426185,0.796187209155427,1.3760850061714582,"(1, 0, 1)","(0, 0, 1, 12)"
22192,1.0140183727898264,0.8286803989031788,1.2389029827521973,"(1, 0, 1)","(0, 0, 0, 12)"
7728,0.9717303357893301,0.7736710876694952,1.2181000501635875,"(2, 0, 1)","(2, 0, 1, 12)"
17601,1.0349126927562688,0.8783329679375537,1.2181452950846499,"(3, 0, 1)","(0, 0, 1, 12)"
94591,1.0725965223301759,0.658531487903805,1.7304822285989967,"(1, 0, 1)","(0, 0, 1, 12)"
48066,1.0110003987330987,0.5808461670180151,1.7399001940108954,"(0, 0, 2)","(0, 0, 0, 12)"
85201,1.0891634236194185,0.7621632367715911,1.5489795293786373,"(1, 0, 3)","(0, 0, 0, 12)"
91331,1.0483049796845256,0.7917131794746609,1.383839052861768,"(1, 0, 1)","(0, 0, 0, 12)"
94086,0.9993444441131262,0.48797482104423445,2.0065535047542578,"(1, 0, 2)","(0, 0, 0, 12)"
92563,1.0236571192463426,0.8271897634280966,1.2646160339465986,"(2, 0, 3)","(0, 0, 0, 12)"
29483,1.0090216144660997,0.8220509507760719,1.236566406720284,"(0, 0, 2)","(0, 0, 0, 12)"
32839,1.0965676586903885,0.6884389279979436,1.7325296721036183,"(0, 0, 2)","(0, 0, 1, 12)"
33023,1.3051291286355233,0.7406652226764366,2.271091894331524,"(1, 0, 1)","(0, 0, 0, 12)"
61761,1.0058629740077765,0.8638429589486006,1.1702004959768617,"(1, 0, 1)","(0, 0, 1, 12)"
45040,1.0276009694785726,0.7970869024271645,1.3215745376463768,"(3, 0, 1)","(0, 0, 0, 12)"
19702,0.973867309238004,0.6134371105814161,1.5337888200730256,"(2, 0, 1)","(0, 0, 0, 12)"
63301,1.0175276151560926,0.7866252802127556,1.3129290835034844,"(1, 0, 1)","(0, 0, 0, 12)"
30144,1.031959004748584,0.7997463008480149,1.3283548798500069,"(0, 0, 2)","(1, 0, 1, 12)"
70065,0.953345658619653,0.5873542495030528,1.5335929544611213,"(1, 0, 1)","(0, 0, 1, 12)"
91801,1.0803531390655157,0.8019637979037438,1.4504441204002836,"(1, 0, 1)","(0, 0, 0, 12)"
78748,1.087017184742739,0.7549566128326689,1.5569134241595297,"(1, 0, 2)","(2, 0, 0, 12)"
79424,0.9859775094394779,0.7560392220395482,1.282431244293778,"(1, 0, 2)","(0, 0, 1, 12)"
83709,0.9910713305816838,0.5509507189438563,1.75986983254584,"(1, 0, 2)","(0, 0, 1, 12)"
19380,0.9815799363449929,0.8358024259055438,1.1516662444008212,"(0, 0, 2)","(0, 0, 1, 12)"
72034,1.0052339647110007,0.8061829353453621,1.2510955768221828,"(2, 0, 3)","(1, 0, 0, 12)"
27106,0.9827224199678748,0.7933660892242175,1.2151498320711163,"(1, 0, 1)","(1, 0, 1, 12)"
90042,1.1080926462929508,0.8540023539520852,1.4340221882465543,"(3, 0, 0)","(0, 0, 0, 12)"
29588,1.0195226266879147,0.7876175179129253,1.3164299771952936,"(0, 0, 2)","(2, 0, 1, 12)"
76051,1.0984247644075087,0.7449501936902061,1.6102025565720823,"(1, 0, 1)","(1, 0, 1, 12)"
45424,1.0058216446234942,0.7594704411454658,1.3281272212339585,"(1, 0, 1)","(0, 0, 0, 12)"
92020,1.1430854293591648,0.856675241049605,1.520404968156065,"(2, 0, 3)","(1, 0, 0, 12)"
21218,0.9777510274786504,0.3054109897550943,2.9787493138255283,"(1, 0, 2)","(1, 0, 0, 12)"
28025,1.0268628545158176,0.7984077988139306,1.3174557558288513,"(1, 0, 1)","(0, 0, 0, 12)"
93308,1.0540006468840035,0.9242654249336769,1.2011749565406735,"(1, 0, 1)","(2, 0, 1, 12)"
94553,1.0561459585441164,0.7230469540012212,1.5341261099963877,"(1, 0, 1)","(1, 0, 0, 12)"
73013,0.9893492811796749,0.80019144618023,1.2211560859516497,"(0, 0, 3)","(0, 0, 1, 12)"
80219,1.1528245295990625,0.7318918051014216,1.8007069620210792,"(2, 0, 2)","(0, 0, 0, 12)"
30907,1.0157791713913145,0.8176685028036967,1.259667880385904,"(0, 0, 2)","(0, 0, 1, 12)"
10466,1.0545713304701716,0.7000152939711916,1.5786730026411697,"(1, 0, 1)","(0, 0, 0, 12)"
78520,0.9890858130371574,0.6544449451451604,1.485419134684477,"(0, 0, 2)","(1, 0, 1, 12)"
92882,1.0332724302648688,0.7180386320235845,1.4792706849422113,"(3, 0, 2)","(0, 0, 0, 12)"
94015,1.0022602364291722,0.6602250885815051,1.511642198285565,"(0, 0, 2)","(0, 0, 0, 12)"
34748,1.0099049597453054,0.7528581451287653,1.3503641786429417,"(0, 0, 2)","(0, 0, 0, 12)"
29229,1.0157984764647003,0.7636033217473503,1.3470877067520306,"(1, 0, 2)","(0, 0, 1, 12)"
24060,1.0287190399157367,0.8596659089733175,1.2295033805567837,"(2, 0, 1)","(0, 0, 0, 12)"
38654,0.967360954029236,0.6297110958014337,1.475930563795437,"(0, 0, 3)","(0, 0, 1, 12)"
97504,1.0241386519318258,0.7457221971025167,1.4011662919861245,"(0, 0, 2)","(0, 0, 1, 12)"
33308,1.0183913345562525,0.7195494086838882,1.4348825720692784,"(0, 0, 2)","(0, 0, 0, 12)"
7055,1.192457112077171,0.7270640943384671,1.9375080055510554,"(1, 0, 2)","(0, 0, 1, 12)"
73505,0.9251269241282487,0.4133405178999522,2.02118336416658,"(0, 0, 2)","(0, 0, 1, 12)"
27603,1.1252507752412664,0.8120248337957205,1.5526248886194043,"(1, 0, 1)","(1, 0, 1, 12)"
60402,1.0253107948629365,0.7202208681230476,1.452611266551506,"(1, 0, 1)","(0, 0, 0, 12)"
92399,1.008383183634599,0.7243979268350065,1.3979643596089488,"(0, 0, 2)","(0, 0, 0, 12)"
32137,1.0546673160818756,0.6820724152141977,1.6188659271510795,"(2, 0, 1)","(1, 0, 0, 12)"
98225,1.1315706974664927,0.7167213112116275,1.772142598328185,"(3, 0, 1)","(1, 0, 1, 12)"
75098,1.0433126565223636,0.7794152769582977,1.3918723893350997,"(1, 0, 3)","(1, 0, 1, 12)"
11374,1.0084371072222589,0.773109444787249,1.3119179573918638,"(0, 0, 2)","(0, 0, 0, 12)"
33312,0.9977750857194191,0.610353978537353,1.6150598097166917,"(2, 0, 2)","(0, 0, 1, 12)"
85351,1.0399590046956164,0.6998411700527726,1.5358904598953707,"(1, 0, 1)","(0, 0, 1, 12)"
75115,1.142575657781353,0.6662433860762053,1.9364370406401052,"(1, 0, 1)","(0, 0, 1, 12)"
23112,1.0096392523216355,0.8266765139398008,1.2312140910559155,"(1, 0, 1)","(0, 0, 0, 12)"
65202,0.9622481979626174,0.7716274542552035,1.1977895034763275,"(0, 0, 2)","(1, 0, 1, 12)"
78228,1.1012487841153078,0.683856232915249,1.7578361373662768,"(1, 0, 1)","(1, 0, 0, 12)"
84015,1.0385100568269863,0.7088843493763263,1.5130356391098925,"(1, 0, 1)","(0, 0, 0, 12)"
60638,0.993081127069156,0.7013388115906017,1.399704484949315,"(2, 0, 2)","(1, 0, 0, 12)"
78223,1.1711776726873495,0.7246303992152358,1.8758761520264107,"(1, 0, 1)","(0, 0, 1, 12)"
30319,1.0832169647317829,0.7604453266548193,1.5357251219512726,"(0, 0, 3)","(1, 0, 1, 12)"
7003,0.9952678371958201,0.7406181421763177,1.3331196828118685,"(0, 0, 3)","(0, 0, 1, 12)"
77373,1.0936772991925676,0.8403907765207262,1.4194348552639642,"(2, 0, 1)","(1, 0, 1, 12)"
99336,1.0383236188562677,0.6897578932390982,1.5531483892745472,"(3, 0, 0)","(0, 0, 0, 12)"
97206,0.977743099057201,0.5453537518215507,1.7293147658216108,"(1, 0, 1)","(0, 0, 1, 12)"
79109,1.0109324628521772,0.8482403301964301,1.20342762196769,"(1, 0, 1)","(0, 0, 0, 12)"
92201,1.0639344915620021,0.8348592858513175,1.3527847026620163,"(3, 0, 0)","(0, 0, 1, 12)"
38016,1.0323835531325471,0.7422505293473993,1.4297500342331435,"(1, 0, 1)","(2, 0, 0, 12)"
19382,1.0018833278213435,0.8740482274687223,1.1476116735292137,"(0, 0, 3)","(0, 0, 0, 12)"
33437,0.9936304416836353,0.7092241198405369,1.3859726275598778,"(1, 0, 1)","(0, 0, 0, 12)"
23456,0.9909846878662276,0.8316262908046455,1.1795179867238632,"(1, 0, 2)","(0, 0, 1, 12)"
44646,0.9967629891091686,0.6622712422791279,1.490583304865977,"(1, 0, 1)","(0, 0, 1, 12)"
75093,0.9957512388130422,0.8282125273292064,1.1956466458002593,"(0, 0, 2)","(0, 0, 1, 12)"
28645,0.94326112022092,0.651584333007858,1.3584905155712537,"(1, 0, 1)","(0, 0, 0, 12)"
78230,1.0166481405412864,0.772755099894378,1.333637574195261,"(1, 0, 1)","(0, 0, 1, 12)"
92704,0.989590417932748,0.7545417569905714,1.2941949509826751,"(2, 0, 1)","(0, 0, 0, 12)"
95008,1.2115374220428976,0.796354516208767,1.8306519259472522,"(1, 0, 3)","(0, 0, 1, 12)"
22030,1.0074195400595125,0.8907529382149029,1.1387186545667622,"(1, 0, 1)","(0, 0, 1, 12)"
60639,1.0013173707564258,0.7000440633074818,1.42540809278433,"(0, 0, 2)","(0, 0, 1, 12)"
48187,1.0271285879795502,0.8123162687327998,1.296054301145607,"(0, 0, 2)","(0, 0, 1, 12)"
7306,1.82367326654806,1.060153308567613,3.1031138305893293,"(0, 0, 2)","(2, 0, 1, 12)"
63366,1.0156650575691972,0.8603028247523309,1.1978407212467956,"(0, 0, 1)","(0, 0, 1, 12)"
80016,1.0770711164515832,0.9503823438809681,1.2199367664251606,"(0, 0, 2)","(1, 0, 1, 12)"
36695,1.0022577993528898,0.8573716026515693,1.1705687837810073,"(0, 0, 2)","(0, 0, 0, 12)"
63116,1.0108249469887172,0.6898937169189254,1.4730502483484837,"(3, 0, 0)","(0, 0, 0, 12)"
92056,1.012878335361975,0.8173554982622998,1.253004089256722,"(1, 0, 1)","(1, 0, 0, 12)"
19145,1.0127427997897933,0.5421167251816215,1.8648438671149554,"(0, 0, 2)","(0, 0, 0, 12)"
95350,1.040562292151377,0.5918268075102512,1.8078825743592182,"(0, 0, 3)","(0, 0, 0, 12)"
34698,1.496086472594815,1.0846989890438299,2.0551360826632985,"(3, 0, 0)","(2, 0, 1, 12)"
34997,1.0186864079158313,0.7445671049786846,1.3886119923774103,"(0, 0, 2)","(0, 0, 1, 12)"
97405,0.9977930392373394,0.7503359939484954,1.3227447207666836,"(2, 0, 1)","(1, 0, 0, 12)"
96797,1.3499234663563471e+26,5.05298337365802e+47,2.7415771785141393e+50,"(2, 0, 1)","(0, 0, 1, 12)"
39503,1.0059055165810136,0.8413356950152198,1.2012427936089818,"(0, 0, 2)","(1, 0, 1, 12)"
61265,0.9838043889468628,0.7527837924422086,1.2822303646475608,"(0, 0, 2)","(0, 0, 1, 12)"
92071,1.0672482738225981,0.8406451472051655,1.3519454036799634,"(1, 0, 3)","(0, 0, 1, 12)"
80538,1.0641746304572222,0.7116775010417868,1.5805229902221067,"(2, 0, 1)","(0, 0, 1, 12)"
78045,1.0116106440300912,0.7807224054761569,1.3074471660651752,"(1, 0, 2)","(0, 0, 0, 12)"
21206,1.0020491836163015,0.43752280556017914,2.236581569599902,"(3, 0, 2)","(1, 0, 1, 12)"
8021,1.01094849979429,0.665688065150887,1.5253004503691636,"(1, 0, 3)","(0, 0, 0, 12)"
92024,1.0174739721550243,0.7248043431623354,1.4221856994500257,"(0, 0, 2)","(1, 0, 0, 12)"
85383,1.0477142598320919,0.8367678265725812,1.3092814863798403,"(2, 0, 3)","(0, 0, 0, 12)"
27606,1.0122677987576243,0.7599985640350627,1.3439854435023604,"(2, 0, 0)","(0, 0, 0, 12)"
92656,1.029402048562837,0.8909829298232155,1.1883916371023462,"(1, 0, 3)","(0, 0, 1, 12)"
92553,1.0770673179118901,0.7527846096415061,1.5333272626803947,"(1, 0, 1)","(0, 0, 0, 12)"
6810,0.9993040125455555,0.7981265276098892,1.2488336613536806,"(0, 0, 2)","(0, 0, 0, 12)"
10473,1.0163860071356432,0.7319752776354139,1.4056664091031237,"(0, 0, 2)","(0, 0, 0, 12)"
56001,1.0115707532238536,0.8513936654615646,1.2005516617086058,"(2, 0, 1)","(1, 0, 1, 12)"
22003,1.066150089311838,0.8967848632895928,1.266042302431386,"(3, 0, 0)","(0, 0, 0, 12)"
46032,1.012331855799293,0.8287296229188161,1.2347574653777889,"(0, 0, 2)","(0, 0, 1, 12)"
85374,1.053095596698145,0.8107989708794869,1.3641682776187984,"(1, 0, 1)","(0, 0, 0, 12)"
45069,1.0613027782570992,0.8684121236063428,1.2950795459468947,"(0, 0, 2)","(1, 0, 1, 12)"
23225,0.9423443803619248,0.6288685058965132,1.403330786460941,"(1, 0, 1)","(1, 0, 1, 12)"
28546,1.006644456223682,0.7861060176560286,1.2861202736950317,"(0, 0, 2)","(0, 0, 0, 12)"
89119,1.0781271331317177,0.6399528596968085,1.7970816575174813,"(2, 0, 1)","(1, 0, 0, 12)"
95624,1.0269302980389556,0.7631296902049781,1.3772925589499763,"(3, 0, 0)","(1, 0, 1, 12)"
4401,0.9990794000061198,0.8274076936805134,1.2047638269179788,"(0, 0, 3)","(0, 0, 0, 12)"
63303,1.048957158954679,0.8396242701901228,1.307981418976223,"(2, 0, 1)","(0, 0, 0, 12)"
44124,0.9961380314387565,0.8012379502355998,1.2362437186622088,"(0, 0, 3)","(0, 0, 0, 12)"
34952,1.0788127299656471,0.6802886084543623,1.6966211025994133,"(1, 0, 1)","(0, 0, 0, 12)"
11210,1.0364279583099525,0.6967335389414733,1.532760741878497,"(0, 0, 2)","(1, 0, 0, 12)"
78253,0.9959170166908055,0.8377301022108753,1.1826483575632176,"(0, 0, 3)","(0, 0, 1, 12)"
45238,0.9942070839867807,0.746612262214775,1.3198660980842551,"(1, 0, 1)","(1, 0, 0, 12)"
30114,1.0215747522450338,0.8049324040833606,1.2937547699610052,"(0, 0, 2)","(0, 0, 1, 12)"
36830,1.0107599775311211,0.7908112730350828,1.2889589265216015,"(1, 0, 2)","(0, 0, 0, 12)"
78550,1.007407155521329,0.6906784331321064,1.4616326779552005,"(0, 0, 2)","(0, 0, 1, 12)"
97702,1.0162914618738668,0.6681241211228717,1.5356124581592143,"(0, 0, 3)","(0, 0, 0, 12)"
27529,1.0090786988510818,0.8287832253556667,1.2268225038855691,"(0, 0, 2)","(0, 0, 0, 12)"
33418,1.0580341989577313,0.7545442642589784,1.4771090857043232,"(1, 0, 1)","(0, 0, 1, 12)"
92509,1.037100323790834,0.8114955087339899,1.3224359287865715,"(1, 0, 1)","(1, 0, 0, 12)"
32068,1.0918659870469711,0.8266040370535395,1.438106328537924,"(0, 0, 2)","(1, 0, 1, 12)"
96720,1.0349946802039642,0.731089408743514,1.45852952849676,"(3, 0, 2)","(0, 0, 0, 12)"
92626,0.9812443201901907,0.7858372736851627,1.2229170143111119,"(2, 0, 0)","(0, 0, 0, 12)"
96817,1.009921724712249,0.8151088073619426,1.2491164939096284,"(1, 0, 1)","(2, 0, 1, 12)"
90006,1.050622398956717,0.6377053320418377,1.7149218477758204,"(0, 0, 2)","(0, 0, 1, 12)"
37043,1.144709531783389,0.8799625901783783,1.4852537513946016,"(0, 0, 2)","(2, 0, 0, 12)"
27616,1.0086532233588177,0.8355989873913627,1.2159321487413433,"(0, 0, 2)","(0, 0, 0, 12)"
12550,0.9758277496783325,0.7613104145764078,1.2478929491244195,"(0, 0, 2)","(0, 0, 1, 12)"
30606,1.207881032785588,0.8953512287890095,1.6238015018806138,"(3, 0, 1)","(0, 0, 0, 12)"
75040,1.1172994042173965,0.7158444718527567,1.7305064142878672,"(1, 0, 1)","(0, 0, 0, 12)"
33065,1.0306472544258085,0.7418423172961708,1.4259963756039886,"(1, 0, 1)","(0, 0, 0, 12)"
10940,0.9893982428669442,0.7319012446353794,1.3329347796555258,"(1, 0, 1)","(0, 0, 0, 12)"
89129,1.0896574864267177,0.8350805839721974,1.417954343130899,"(1, 0, 2)","(0, 0, 0, 12)"
33914,1.0319457167270443,0.7929673013305998,1.3394276263387166,"(1, 0, 1)","(0, 0, 1, 12)"
60073,1.011232548611335,0.7170695477395325,1.4197094556877377,"(0, 0, 2)","(0, 0, 1, 12)"
92805,1.0965589767417074,0.8031021714923942,1.4916002807245685,"(1, 0, 1)","(1, 0, 0, 12)"
19320,0.9902371244418783,0.8071107848868078,1.2130150131288493,"(3, 0, 2)","(1, 0, 1, 12)"
92880,1.0574370699367492,0.7693923250506078,1.4476266033130203,"(1, 0, 1)","(1, 0, 0, 12)"
93003,1.0436896181411122,0.8061981170067138,1.3477027392408674,"(3, 0, 1)","(0, 0, 1, 12)"
75007,1.074390604669963,0.8202023761492775,1.403366784070042,"(1, 0, 3)","(0, 0, 0, 12)"
85254,1.0320362623126298,0.8306821473864734,1.2798812219722384,"(3, 0, 2)","(0, 0, 1, 12)"
23185,1.0056089736505294,0.8681755087550205,1.1638576247755166,"(1, 0, 2)","(0, 0, 1, 12)"
20850,0.9981620906764854,0.8361240931049408,1.19020746040172,"(2, 0, 1)","(0, 0, 0, 12)"
87109,1.0026278691114623,0.7559032046323316,1.3259144665359717,"(0, 0, 2)","(0, 0, 1, 12)"
92253,1.0055558531810949,0.7792760549169238,1.2943757412055459,"(1, 0, 3)","(1, 0, 1, 12)"
21228,1.003313457075586,0.7364910057051365,1.361923520121265,"(0, 0, 2)","(1, 0, 0, 12)"
90255,0.9863050118395943,0.6654495952399957,1.453066077516911,"(1, 0, 2)","(0, 0, 0, 12)"
27613,0.9717513577752189,0.708983448206711,1.3262438285459877,"(1, 0, 2)","(2, 0, 1, 12)"
60630,1.0028517682251699,0.7681343372105084,1.3058190916064931,"(0, 0, 2)","(0, 0, 0, 12)"
65802,1.0033074678951348,0.7342253450847687,1.3659772803163333,"(1, 0, 2)","(1, 0, 1, 12)"
75149,1.0356047724527262,0.5936938823759685,1.7848245420157278,"(1, 0, 2)","(0, 0, 0, 12)"
94115,1.0024871128486539,0.6952517641314486,1.4382848480752695,"(0, 0, 2)","(0, 0, 0, 12)"
11434,1.0302312911042035,0.7800436755919762,1.356749418577638,"(2, 0, 1)","(0, 0, 0, 12)"
33810,1.0569026404467434,0.7567726617900892,1.4697880252184197,"(1, 0, 2)","(0, 0, 0, 12)"
55337,1.0135667624638267,0.811919223062991,1.2629706436777157,"(0, 0, 2)","(0, 0, 0, 12)"
21207,1.0034791809687118,0.65559154513474,1.5256560488355777,"(0, 0, 2)","(0, 0, 1, 12)"
17602,1.0348187882536448,0.7685464580435485,1.3887085083208937,"(0, 0, 2)","(0, 0, 1, 12)"
80020,1.1227231571786997,0.8361689668890135,1.5022325371332217,"(1, 0, 1)","(0, 0, 0, 12)"
19464,0.9874802835978447,0.747321353209701,1.3010456387443605,"(1, 0, 2)","(0, 0, 0, 12)"
33578,1.0557684410269523,0.6923811470396545,1.5989426189258937,"(2, 0, 1)","(0, 0, 0, 12)"
85205,1.0868537355337586,0.6944580302885827,1.6871817720367983,"(1, 0, 1)","(0, 0, 1, 12)"
80123,1.041072038165306,0.16275149238203748,5.04281449546601,"(2, 0, 1)","(0, 0, 0, 12)"
49009,1.1873094856688327,0.9818337006355323,1.4338483914925821,"(3, 0, 3)","(0, 0, 0, 12)"
90024,1.1091883248713976,0.8134305081905838,1.5069436955371536,"(1, 0, 3)","(0, 0, 0, 12)"
78250,0.9733442044442443,0.7526622021083061,1.2555297259011549,"(1, 0, 1)","(0, 0, 1, 12)"
75061,1.0279129388566268,0.6048044716915528,1.7284563138990985,"(1, 0, 1)","(0, 0, 1, 12)"
75025,0.9620510759202769,0.6375017940742134,1.4421435733454804,"(1, 0, 1)","(1, 0, 1, 12)"
75703,1.0206218601544093,0.8255539349189507,1.2596600837442418,"(0, 0, 2)","(0, 0, 0, 12)"
78258,1.0552277087995212,0.8164107227362365,1.36042261805846,"(2, 0, 1)","(1, 0, 0, 12)"
98125,1.4607065475891705,1.1056402906698908,1.924084341377214,"(0, 0, 2)","(2, 0, 0, 12)"
48044,1.0026175622738172,0.7995432736716832,1.2548686304428223,"(0, 0, 2)","(0, 0, 0, 12)"
80504,1.097117416340827,0.8344471568673861,1.438139948479535,"(1, 0, 1)","(0, 0, 0, 12)"
33614,1.1897658525787447,0.6728842514570326,2.0773465436710925,"(1, 0, 3)","(2, 0, 0, 12)"
97301,1.0644201618059546,0.672375219712015,1.6714282057566707,"(1, 0, 1)","(0, 0, 1, 12)"
19149,1.088543493778736,0.6869567593025802,1.7110556649866038,"(1, 0, 1)","(0, 0, 1, 12)"
33176,1.013436087106805,0.7995189094326434,1.2818886967767231,"(0, 0, 2)","(1, 0, 0, 12)"
20744,1.0335604182053746,0.8123691984543334,1.31211202910296,"(3, 0, 2)","(0, 0, 0, 12)"
43235,1.088653307374753,0.734824727044724,1.6032009520245856,"(2, 0, 2)","(1, 0, 0, 12)"
89122,1.2836142923037785,0.9056986336678949,1.8103521075428328,"(1, 0, 2)","(0, 0, 1, 12)"
93312,1.0163142319864145,0.7664696875780674,1.3435092798672599,"(1, 0, 1)","(0, 0, 0, 12)"
92618,0.9443157066158636,0.7558163803752569,1.1776453670425775,"(0, 0, 2)","(1, 0, 1, 12)"
87112,1.0242718938815354,0.7689129458872478,1.3602354813111477,"(2, 0, 2)","(0, 0, 1, 12)"
78216,1.080131933735748,0.7963726469374781,1.4599221021077677,"(0, 0, 2)","(1, 0, 1, 12)"
20774,4.747114248599088,-1415787981231.6775,3.539151589184117e+17,"(2, 0, 1)","(0, 0, 1, 12)"
98661,1.0070772343953223,0.6698301340673075,1.504502067312752,"(2, 0, 1)","(0, 0, 0, 12)"
23188,0.9846193586282861,0.8172215781736164,1.184764983139314,"(2, 0, 1)","(0, 0, 1, 12)"
73072,1.0013736952079677,0.7825127498184568,1.2785105288322929,"(1, 0, 1)","(0, 0, 0, 12)"
96789,1.099630137440885,0.8983527643426639,1.3439505249604828,"(0, 0, 2)","(1, 0, 1, 12)"
29501,0.9860912917508351,0.8005387108554186,1.2126810377262405,"(0, 0, 3)","(0, 0, 0, 12)"
62704,1.0210459382423536,0.8935350399772044,1.165980831093991,"(0, 0, 2)","(2, 0, 1, 12)"
80012,-8.39537020534724e+40,-2.2946258781198213e+38,3.86687114888693e+37,"(2, 0, 2)","(0, 0, 1, 12)"
70816,1.0251033950023964,0.815277578462701,1.2863600673599205,"(1, 0, 1)","(1, 0, 0, 12)"
75231,1.005057363686822,0.7184211020152044,1.400158291344077,"(0, 0, 2)","(0, 0, 0, 12)"
19147,1.018222381640777,0.6996777333146954,1.4739974578154118,"(0, 0, 2)","(0, 0, 1, 12)"
78681,1.005311712207135,0.7541741409440406,1.3358179304539275,"(2, 0, 1)","(0, 0, 1, 12)"
15642,1.0110158179887831,0.7891377991913945,1.2922664279815756,"(1, 0, 1)","(2, 0, 0, 12)"
70001,1.0083913371481101,0.7412001699804486,1.3670417521782157,"(0, 0, 2)","(0, 0, 0, 12)"
91786,1.0317933775572665,0.7460382863508616,1.4212572627321585,"(1, 0, 1)","(0, 0, 0, 12)"
29720,0.9925426129791972,0.5626499885174109,1.7299314532761603,"(3, 0, 2)","(0, 0, 1, 12)"
80918,1.0324125359140264,0.7825094827592799,1.3579500340911894,"(1, 0, 1)","(0, 0, 1, 12)"
78640,1.0049247610451033,0.7541226827951916,1.335027215231749,"(0, 0, 2)","(0, 0, 1, 12)"
60643,0.9858082683622194,0.7091843078558902,1.3648003422577963,"(0, 0, 2)","(1, 0, 1, 12)"
78504,1.0150747039892538,0.8372688239932597,1.2289351277357097,"(0, 0, 2)","(0, 0, 1, 12)"
47374,1.0112508659858674,0.4484160387881148,2.2258888233155942,"(0, 0, 2)","(0, 0, 0, 12)"
97501,1.0214410540364394,0.6545080874088741,1.5818240643419708,"(1, 0, 1)","(2, 0, 0, 12)"
92234,0.9985272714870481,0.6832225766849953,1.4513272234524073,"(1, 0, 1)","(0, 0, 0, 12)"
46360,1.0105294538343947,0.5412324857825154,1.8597626622391559,"(0, 0, 2)","(1, 0, 1, 12)"
72701,1.1556579525665682,0.8260159343421873,1.6098700104630437,"(3, 0, 0)","(0, 0, 0, 12)"
34221,1.160881890098869,0.7405293345132424,1.8055288838575831,"(1, 0, 2)","(2, 0, 0, 12)"
32935,1.004433628660685,0.6809439660074386,1.4732813712965869,"(0, 0, 3)","(0, 0, 0, 12)"
33020,1.0540417627434053,0.5276044680025693,2.066915931490217,"(1, 0, 1)","(0, 0, 1, 12)"
29607,1.0764601296313754,0.6920700457428308,1.6617927540266324,"(1, 0, 1)","(0, 0, 1, 12)"
90028,1.0010339049006798,0.5819600404958924,1.703202718181567,"(0, 0, 2)","(0, 0, 1, 12)"
29414,1.002603179282132,0.7451391542211832,1.3444540057546264,"(1, 0, 1)","(0, 0, 0, 12)"
12065,1.0035101800272042,0.8573155724342287,1.1735496784273631,"(0, 0, 2)","(1, 0, 0, 12)"
85326,1.156737137363987,0.8241387207623171,1.6159675024232514,"(1, 0, 1)","(0, 0, 1, 12)"
14120,0.9903176043105896,0.726131089780716,1.34568529850383,"(1, 0, 1)","(0, 0, 0, 12)"
63031,1.0390775301324442,0.7677345270091637,1.4014576096006468,"(3, 0, 0)","(0, 0, 0, 12)"
11224,1.016900552281085,0.646508247592278,1.587332210806602,"(0, 0, 2)","(0, 0, 0, 12)"
97223,1.004706354909476,0.764891509101588,1.3160465016862022,"(0, 0, 2)","(0, 0, 0, 12)"
40214,1.0053527552145585,0.7969559905311894,1.2656963716140157,"(0, 0, 2)","(0, 0, 0, 12)"
23434,1.0719444371305693,0.8729709916004968,1.3141946170175958,"(1, 0, 1)","(2, 0, 0, 12)"
89115,1.0872719569768001,0.7174401333895825,1.6366951963804854,"(1, 0, 1)","(0, 0, 0, 12)"
76133,1.175583707378998,0.7774824006674596,1.7654518234865437,"(1, 0, 1)","(0, 0, 1, 12)"
77081,0.9870248639684199,0.69287936241986,1.399500983274669,"(0, 0, 2)","(1, 0, 1, 12)"
75068,1.0790782432491202,0.8079621735168016,1.4364144035352435,"(1, 0, 1)","(1, 0, 1, 12)"
77063,1.0225218013028983,0.6778956047245971,1.5326898304663101,"(0, 0, 2)","(0, 0, 0, 12)"
75080,1.0861941262791526,0.6083629436996343,1.9137270194643659,"(1, 0, 2)","(1, 0, 0, 12)"
67212,0.9977975168408306,0.8200581356276101,1.2122790947596536,"(1, 0, 1)","(1, 0, 0, 12)"
89502,0.9919028112362093,0.6186532150610381,1.5772108077717018,"(0, 0, 2)","(0, 0, 1, 12)"
92057,0.9812577645710795,0.692184898507602,1.384413225368385,"(1, 0, 1)","(0, 0, 1, 12)"
27526,1.0048541736047263,0.8501116344792654,1.1865202168469549,"(0, 0, 2)","(0, 0, 0, 12)"
77386,1.0635013787019714,0.8279781864017107,1.362810479474359,"(0, 0, 2)","(2, 0, 0, 12)"
22554,1.0387639944081728,0.7919090040458863,1.3587513857708846,"(1, 0, 3)","(0, 0, 1, 12)"
15237,1.0860714347542224,0.886897977145838,1.3278363522240948,"(3, 0, 0)","(0, 0, 0, 12)"
85248,1.0511078150772963,0.8266475083641927,1.333577422582896,"(1, 0, 1)","(0, 0, 0, 12)"
33322,1.0752419405549736,0.8227774831589073,1.4014305347736746,"(0, 0, 2)","(1, 0, 1, 12)"
73120,1.0198558000722373,0.8564276820144806,1.2130834997703301,"(0, 0, 2)","(1, 0, 0, 12)"
33178,1.006437378779447,0.795027784788197,1.2714095895623756,"(0, 0, 2)","(0, 0, 0, 12)"
7601,1.0116759970083318,0.72061580596887,1.4141103102963033,"(2, 0, 3)","(0, 0, 0, 12)"
85338,1.0821375980889567,0.8317712386751238,1.404075071109644,"(1, 0, 1)","(0, 0, 0, 12)"
92708,1.003166245421609,0.8422705802634254,1.1934278823907498,"(1, 0, 1)","(1, 0, 0, 12)"
30016,1.003921864963891,0.555329974057777,1.7911777069991992,"(2, 0, 1)","(0, 0, 0, 12)"
10306,1.0995576980809398,0.7696575313497053,1.5629482777318113,"(2, 0, 1)","(2, 0, 1, 12)"
43615,1.0016450377305925,0.7038099101158903,1.418933970300574,"(0, 0, 2)","(0, 0, 1, 12)"
33125,1.045197593155048,0.6197990279618774,1.7446855007002158,"(0, 0, 3)","(1, 0, 0, 12)"
47401,1.057676607942755,0.6719582994950644,1.6517487529590498,"(1, 0, 2)","(1, 0, 0, 12)"
7470,0.984523025445631,0.7874424277384476,1.2286036735793209,"(1, 0, 2)","(1, 0, 1, 12)"
33062,1.057992508969835,0.7703270245841632,1.447640226619572,"(0, 0, 2)","(2, 0, 0, 12)"
57701,0.9980527305085616,0.8866065390399045,1.1229212681065157,"(0, 0, 2)","(0, 0, 0, 12)"
38111,0.9476312319300267,0.31628997900792916,2.7177704511701104,"(2, 0, 2)","(0, 0, 1, 12)"
27360,1.0281154334623448,0.7523540774695325,1.3998046377851958,"(1, 0, 1)","(1, 0, 0, 12)"
77042,1.0542110544915382,0.7630239733307433,1.4506979619807034,"(3, 0, 0)","(0, 0, 1, 12)"
85224,1.1736234208830103,0.9094307361275094,1.510535953974726,"(1, 0, 0)","(1, 0, 0, 12)"
43207,0.9180678801344355,0.3404159259101889,2.3863866523771544,"(1, 0, 3)","(0, 0, 1, 12)"
70506,1.0325822022926534,0.8301582916350377,1.2820704526485331,"(1, 0, 3)","(0, 0, 0, 12)"
8054,0.9964063759136934,0.8245238358063226,1.2025049542312525,"(0, 0, 2)","(0, 0, 1, 12)"
95020,1.2719621107049122,0.7883669416888947,2.033452222344373,"(1, 0, 2)","(1, 0, 0, 12)"
38017,1.1671253894947335,0.838786587394874,1.6170107141748387,"(1, 0, 1)","(1, 0, 0, 12)"
11691,1.0228573456487773,0.4162952856895482,2.43812837779103,"(1, 0, 2)","(0, 0, 1, 12)"
76549,0.9954694039062567,0.837615891165137,1.1817552939161244,"(0, 0, 2)","(1, 0, 0, 12)"
54956,1.0123004416297694,0.7869047917751799,1.299182388205394,"(0, 0, 2)","(0, 0, 0, 12)"
85375,1.009728449917345,0.7988107133610154,1.2737297295363734,"(0, 0, 2)","(0, 0, 0, 12)"
34655,1.003757856041336,0.7515669259309937,1.336346497218387,"(0, 0, 3)","(0, 0, 0, 12)"
55044,1.081555020581345,0.8426957179860871,1.3848336149019613,"(2, 0, 1)","(0, 0, 1, 12)"
33615,1.0715554030097993,0.704025894087501,1.620224230081686,"(0, 0, 2)","(0, 0, 1, 12)"
7083,1.0549283657393853,0.7205896338706506,1.5359342143425612,"(1, 0, 3)","(0, 0, 0, 12)"
19335,0.998646006571503,0.8763314995706306,1.1373047035098527,"(0, 0, 3)","(0, 0, 0, 12)"
85122,1.0818032928453856,0.7658791356842891,1.5211714682018036,"(1, 0, 1)","(0, 0, 1, 12)"
45014,1.0295346218052377,0.7947234144015292,1.3303595774351522,"(3, 0, 1)","(0, 0, 0, 12)"
93277,1.0172829488523254,0.7872143139494682,1.311360617077768,"(0, 0, 2)","(0, 0, 1, 12)"
93063,1.003962502589746,0.7513596953477375,1.3372762056903273,"(0, 0, 2)","(0, 0, 0, 12)"
27615,0.9969768209165328,0.8571425723614348,1.1586197558658942,"(2, 0, 2)","(1, 0, 1, 12)"
65804,1.027154064439672,0.7280840973564822,1.44260258776147,"(2, 0, 1)","(0, 0, 1, 12)"
37918,1.0162827866574538,0.8108417837357138,1.2713535834711798,"(0, 0, 3)","(0, 0, 0, 12)"
55106,1.193399123837318,0.9738842458049335,1.4601460714902026,"(1, 0, 1)","(2, 0, 1, 12)"
78247,1.0068152472509873,0.813138248195414,1.2444704111522495,"(0, 0, 2)","(0, 0, 1, 12)"
13760,1.0028825635153713,0.7668292021443337,1.3080635413385904,"(1, 0, 2)","(2, 0, 0, 12)"
96744,1.0535671888494935,0.8861768113616707,1.2511633437969367,"(1, 0, 1)","(1, 0, 0, 12)"
75071,1.0631002582687612,0.7526325563229121,1.4947401173686943,"(1, 0, 1)","(0, 0, 0, 12)"
44102,1.0276418096150877,0.4644092522300137,2.222127214121344,"(0, 0, 2)","(0, 0, 0, 12)"
37660,1.026171778846216,0.7644077544373382,1.3731105493014852,"(2, 0, 0)","(0, 0, 1, 12)"
98003,1.0294869818935704,0.7473396448666224,1.4126948377662252,"(0, 0, 2)","(0, 0, 1, 12)"
1844,1.0273987854859497,0.7794077941588615,1.3503510629510183,"(1, 0, 2)","(0, 0, 0, 12)"
27215,0.996890534110054,0.719058009422955,1.3764602777368813,"(0, 0, 2)","(0, 0, 1, 12)"
91402,0.9064902028325071,0.6413305663892551,1.2753497207369655,"(2, 0, 2)","(0, 0, 1, 12)"
60411,0.9992247889058358,0.5563611490486294,1.772088181330341,"(1, 0, 2)","(0, 0, 0, 12)"
55303,1.0050132773338367,0.7817576789093006,1.288973597734259,"(0, 0, 2)","(0, 0, 0, 12)"
48307,1.0194682560023183,0.7399452485338779,1.3991023562982554,"(1, 0, 1)","(0, 0, 0, 12)"
35405,1.0043444318296337,0.7578826359505574,1.3269589172014105,"(0, 0, 2)","(0, 0, 1, 12)"
80014,1.1015502994790636,0.7782676067364445,1.5515926717588646,"(1, 0, 1)","(0, 0, 0, 12)"
85283,1.08909735607183,0.8577754424322999,1.3797928880523729,"(3, 0, 0)","(0, 0, 1, 12)"
34741,1.0943018909447122,0.7609689057837103,1.565971600046396,"(0, 0, 2)","(1, 0, 1, 12)"
17701,1.0083493808045136,0.7608306821955272,1.3324627389331334,"(2, 0, 2)","(0, 0, 0, 12)"
27612,1.042359983271212,0.818449133337593,1.324506007138838,"(1, 0, 1)","(0, 0, 0, 12)"
92037,0.9493969203032682,0.702554822047698,1.2785451267994303,"(1, 0, 1)","(1, 0, 1, 12)"
87105,0.9987726323545107,0.7757201969156649,1.2829153248431586,"(0, 0, 2)","(0, 0, 1, 12)"
35215,0.9430645905677816,0.5415640229444527,1.6233358275462935,"(3, 0, 1)","(0, 0, 1, 12)"
77546,0.9924881862944901,0.7233157824334012,1.3565914681403708,"(3, 0, 2)","(0, 0, 1, 12)"
94117,0.9858324807335528,0.5465751589326232,1.7553417167930125,"(0, 0, 2)","(1, 0, 1, 12)"
92103,1.0035394978605248,0.7070163445533514,1.4178379296561792,"(0, 0, 3)","(0, 0, 0, 12)"
6492,0.985055263132572,0.8075398352984803,1.1998078331402438,"(2, 0, 2)","(0, 0, 1, 12)"
43232,0.9976689501009318,0.5292810088235096,1.851919157517784,"(1, 0, 1)","(1, 0, 0, 12)"
14150,0.9764678038055269,0.7425033768524142,1.2803065093365913,"(1, 0, 0)","(0, 0, 1, 12)"
93720,1.1263734284648925,0.8016004221936034,1.5756229273848692,"(1, 0, 1)","(0, 0, 1, 12)"
76010,1.0819467155817968,0.6115489967046189,1.890522755407325,"(1, 0, 1)","(0, 0, 0, 12)"
54115,1.0312927670178431,0.7045523721025868,1.5012318700301273,"(1, 0, 2)","(0, 0, 0, 12)"
73071,0.9772583574334269,0.7417701625639108,1.2837700709549966,"(1, 0, 1)","(0, 0, 0, 12)"
91367,1.049514364662934,0.8240558101292311,1.333672860221636,"(1, 0, 3)","(0, 0, 0, 12)"
85207,1.063094690257693,0.82419789859719,1.367830684982908,"(1, 0, 1)","(0, 0, 0, 12)"
33033,1.0134590167090631,0.5983025354317371,1.699091104880854,"(0, 0, 2)","(0, 0, 0, 12)"
92507,1.0578331610103382,0.8319867528542839,1.3420047297125932,"(2, 0, 3)","(0, 0, 1, 12)"
33617,1.0104404272332783,0.6071539166910662,1.665498160181852,"(0, 0, 2)","(0, 0, 0, 12)"
27604,1.0350400853752375,0.825247755222517,1.2955975280211598,"(1, 0, 1)","(0, 0, 0, 12)"
96003,0.9852060226447447,0.800492341849457,1.2105783565749912,"(1, 0, 1)","(2, 0, 1, 12)"
40324,1.0865603979398077,0.7372633201803376,1.5923588892277145,"(3, 0, 0)","(0, 0, 1, 12)"
29910,1.0084015548326544,0.7626601343921409,1.3294435588172007,"(0, 0, 2)","(0, 0, 0, 12)"
55104,1.0037239799541526,0.7090757639270513,1.4144230920274747,"(0, 0, 2)","(0, 0, 0, 12)"
23608,1.000513036933779,0.7635924717785494,1.3073578710501876,"(3, 0, 1)","(0, 0, 0, 12)"
8053,0.9972019422672737,0.7035965164394242,1.4068340094399394,"(1, 0, 2)","(0, 0, 1, 12)"
27513,1.0196507107514334,0.8699719412235493,1.1939383003865196,"(0, 0, 2)","(0, 0, 1, 12)"
28262,1.0661110782418584,0.7731336859357141,1.4642540204090477,"(1, 0, 1)","(0, 0, 0, 12)"
79928,0.991058420610942,0.8530698029297193,1.1504002180496329,"(0, 0, 2)","(0, 0, 1, 12)"
91977,1.037980914223382,0.7432876807773162,1.443243349722086,"(1, 0, 1)","(1, 0, 0, 12)"
95831,0.9881107283066425,0.729396731830893,1.3339556354933009,"(1, 0, 1)","(0, 0, 0, 12)"
32837,1.0102697027923855,0.7409695514343607,1.3725162537584326,"(0, 0, 2)","(0, 0, 0, 12)"
12866,0.9950015949549508,0.7954837642932222,1.2422353186968307,"(2, 0, 1)","(1, 0, 1, 12)"
18103,1.0123894232750723,0.7666408054456755,1.3330026635291858,"(2, 0, 1)","(0, 0, 0, 12)"
28403,0.9857037931293756,0.7313858593268101,1.3240074907205523,"(0, 0, 3)","(2, 0, 0, 12)"
77407,0.997574072828084,0.7438703300169354,1.3335072035663105,"(0, 0, 2)","(0, 0, 0, 12)"
80526,1.0801519104614274,0.7861923181188227,1.4780489299698032,"(1, 0, 1)","(0, 0, 0, 12)"
16001,1.0082537099032378,0.811518236322114,1.250484302767051,"(0, 0, 2)","(0, 0, 1, 12)"
28806,0.9825608153299007,0.602557001661371,1.587265968425731,"(2, 0, 0)","(1, 0, 1, 12)"
28173,1.0374849260280166,0.792106601983457,1.3550754673386796,"(2, 0, 1)","(0, 0, 0, 12)"
75074,1.0916633650018082,0.728063121384157,1.6265225681372206,"(3, 0, 0)","(0, 0, 0, 12)"
32164,1.0678041576261053,0.833888407712944,1.3642127080875666,"(1, 0, 2)","(1, 0, 1, 12)"
87507,1.0110833015727068,0.6212822667195519,1.6310124267960713,"(0, 0, 2)","(0, 0, 1, 12)"
14075,1.0006874176746596,0.8446111268291703,1.1843362974988405,"(0, 0, 2)","(0, 0, 0, 12)"
74055,1.0076226422990981,0.8411413117249766,1.2055723011863269,"(0, 0, 3)","(0, 0, 0, 12)"
75219,1.0090668544704944,0.7472355829062312,1.358048264403887,"(0, 0, 2)","(0, 0, 1, 12)"
55113,1.0328136821495002,0.7763575500463507,1.3696958874586806,"(1, 0, 1)","(0, 0, 0, 12)"
93436,1.0153089980094523,0.7516141157479092,1.3668863888119975,"(0, 0, 2)","(0, 0, 1, 12)"
10469,1.0433837407775663,0.7353973827658338,1.4735911272837214,"(3, 0, 0)","(0, 0, 0, 12)"
19103,1.1370953897543548,0.854173847843159,1.5089560816489311,"(3, 0, 0)","(0, 0, 0, 12)"
28110,1.1339503712352283,0.9056372355329185,1.4171565993955522,"(0, 0, 2)","(1, 0, 1, 12)"
80229,1.128941626543317,0.7760123069471202,1.6333142724120073,"(1, 0, 1)","(0, 0, 1, 12)"
64118,1.007805625159919,0.8136258589538249,1.2462045791550933,"(0, 0, 2)","(0, 0, 0, 12)"
77072,1.0255933225389378,0.6650773754870338,1.5705937313244542,"(0, 0, 2)","(0, 0, 0, 12)"
90049,1.0089487836885536,0.7907122972070749,1.2845124067567566,"(1, 0, 3)","(0, 0, 0, 12)"
92223,1.0135306674549283,0.701752592735173,1.4561640842340098,"(1, 0, 1)","(0, 0, 0, 12)"
7024,1.0297475415533612,0.7455017598454734,1.416765838264385,"(1, 0, 1)","(1, 0, 0, 12)"
60804,1.0257255313705749,0.6696341786955403,1.560590987051372,"(0, 0, 2)","(1, 0, 1, 12)"
97330,0.9635549938474187,0.65947615375378,1.4001944711132224,"(1, 0, 2)","(0, 0, 0, 12)"
91406,1.1147541126293155,0.7793464614568025,1.5866473577311808,"(1, 0, 1)","(1, 0, 1, 12)"
94121,1.0155178388796418,0.6338482625611905,1.6136159062274904,"(0, 0, 2)","(0, 0, 0, 12)"
53215,1.0109549817932153,0.5873252431132505,1.7212543658626194,"(1, 0, 2)","(0, 0, 1, 12)"
95207,1.0398604375560265,0.6328169250476743,1.6928718062023047,"(1, 0, 1)","(0, 0, 1, 12)"
95616,0.9938747022885797,0.7221747728811901,1.3625902638028593,"(0, 0, 2)","(0, 0, 0, 12)"
20171,1.0130443024532396,0.8743532393057868,1.1727783144450703,"(1, 0, 1)","(0, 0, 0, 12)"
92346,1.0576365976021591,0.7879752062260135,1.4148324155743048,"(3, 0, 0)","(0, 0, 0, 12)"
42301,1.1210804517575328,0.8097284169290726,1.5459649638324657,"(1, 0, 1)","(1, 0, 0, 12)"
44691,1.0024987630093072,0.7850638358625085,1.2773056797098832,"(0, 0, 2)","(0, 0, 1, 12)"
91706,1.0300059937188741,0.7785133372297662,1.3586742827812277,"(1, 0, 3)","(0, 0, 0, 12)"
10312,1.14326224600107,0.7310922397781304,1.7735335660100935,"(1, 0, 1)","(2, 0, 0, 12)"
48183,1.0002127072654852,0.7136337119583889,1.3959128610834117,"(0, 0, 2)","(0, 0, 0, 12)"
92801,1.0116859866903019,0.7524719468037933,1.3553791478596198,"(1, 0, 3)","(0, 0, 1, 12)"
98109,1.036582889515873,0.7020585647347622,1.5218414028137088,"(0, 0, 2)","(0, 0, 1, 12)"
29651,1.088682361178041,0.8159960247052093,1.4477253168085638,"(1, 0, 1)","(1, 0, 1, 12)"
90277,0.9878418024049528,0.6238306812754804,1.5514845591480872,"(1, 0, 2)","(1, 0, 1, 12)"
29526,1.0136965997487535,0.7733597713451439,1.3251028696852332,"(0, 0, 2)","(0, 0, 0, 12)"
26554,1.0049366166076241,0.5769114539843473,1.7306159886706267,"(2, 0, 0)","(1, 0, 1, 12)"
91766,1.0184009171971893,0.7659553732231429,1.3498005899756231,"(1, 0, 1)","(0, 0, 0, 12)"
27107,0.9324328559877926,0.6164907695653707,1.400937601612387,"(1, 0, 1)","(0, 0, 1, 12)"
32216,1.1847783236285483,0.6285135059036668,2.1982011378696176,"(1, 0, 1)","(1, 0, 1, 12)"
91744,1.0177050855285357,0.7875442200712783,1.3118025882947812,"(1, 0, 1)","(0, 0, 1, 12)"
43016,1.016137304477246,0.7558823241375865,1.3614808828802263,"(1, 0, 1)","(0, 0, 1, 12)"
24502,1.0009175353448465,0.8353388250952225,1.1978562078732844,"(0, 0, 2)","(0, 0, 0, 12)"
43224,1.0220516088618135,0.49070592433880794,2.086559859995992,"(1, 0, 2)","(0, 0, 0, 12)"
92260,1.0083112226112123,0.7430171264561396,1.3635600695212395,"(0, 0, 2)","(1, 0, 0, 12)"
46226,1.0456388309536941,0.45223859785677234,2.356114908236271,"(1, 0, 2)","(0, 0, 0, 12)"
76542,0.9966354860178657,0.8779492765090938,1.130689155904632,"(0, 0, 3)","(0, 0, 0, 12)"
33442,0.992501084082048,0.6539092099519394,1.496607219970984,"(0, 0, 3)","(0, 0, 0, 12)"
92404,1.088140325416668,0.7479353306637578,1.574413882419196,"(1, 0, 1)","(0, 0, 0, 12)"
98391,1.1897513561796997,0.9415778821957383,1.5002242181257341,"(0, 0, 2)","(1, 0, 0, 12)"
32725,1.0133208821605086,0.619874978029845,1.6417092819450048,"(0, 0, 2)","(0, 0, 0, 12)"
55112,1.000166578739837,0.7924243042329449,1.259823241002615,"(0, 0, 2)","(0, 0, 0, 12)"
37087,1.1336294792370796,0.8069707700111111,1.5852970490374534,"(1, 0, 1)","(0, 0, 0, 12)"
52001,0.985528890184087,0.6190215587749326,1.5565559349626854,"(2, 0, 1)","(2, 0, 1, 12)"
90020,1.030075295248678,0.7519109437336822,1.40585405898553,"(2, 0, 2)","(0, 0, 0, 12)"
78233,1.2733528817557846,1.0318573394340365,1.5685719021881703,"(3, 0, 0)","(0, 0, 0, 12)"
98270,1.1398340833825147,0.8890112772044216,1.4580515217149332,"(0, 0, 2)","(1, 0, 1, 12)"
8540,0.9605618585929294,0.78705830512459,1.1705531019099187,"(1, 0, 1)","(2, 0, 1, 12)"
26505,0.9925938579476681,0.8195410797593152,1.2005410057773374,"(0, 0, 2)","(0, 0, 1, 12)"
33415,1.1513720476536713,0.9205638878575527,1.43738684805717,"(0, 0, 3)","(2, 0, 1, 12)"
33180,1.0113103599238142,0.6796500741038007,1.4959133484447302,"(3, 0, 1)","(0, 0, 0, 12)"
92780,1.0664626667954458,0.810434203317924,1.3993154721243917,"(1, 0, 1)","(1, 0, 1, 12)"
28117,1.0501376225152756,0.8051204749609021,1.3660666398482255,"(1, 0, 1)","(1, 0, 1, 12)"
87123,1.004695364859956,0.765192071932572,1.3155161980707024,"(2, 0, 1)","(0, 0, 1, 12)"
75023,1.0919167804341863,0.7296360922290595,1.6237848195354148,"(1, 0, 1)","(1, 0, 1, 12)"
85711,1.0525590574544859,0.753340083598123,1.464327936403375,"(1, 0, 1)","(1, 0, 0, 12)"
11706,1.0011857974653713,0.7355945311434946,1.3578615838900467,"(0, 0, 2)","(0, 0, 1, 12)"
48170,1.005498535219123,0.722691947511306,1.3933299020223808,"(0, 0, 2)","(0, 0, 0, 12)"
97202,1.0030770819515438,0.7040398145641409,1.4222576271753113,"(2, 0, 3)","(0, 0, 0, 12)"
29073,1.0118282645671803,0.8590984349808345,1.1905159087121369,"(2, 0, 0)","(0, 0, 0, 12)"
85016,0.9928388693735801,0.6422695186251237,1.5235764571634927,"(1, 0, 1)","(0, 0, 1, 12)"
37221,1.0425054989274782,0.7807868431581614,1.3874308080855222,"(2, 0, 1)","(0, 0, 0, 12)"
15108,1.0040469306750284,0.7750114082991546,1.2974434566307074,"(1, 0, 2)","(0, 0, 0, 12)"
21229,1.0079240318599574,0.3503102741718464,2.782756674723313,"(3, 0, 2)","(1, 0, 0, 12)"
60435,1.1047495156355602,0.8632557951346431,1.4105878994915062,"(0, 0, 2)","(2, 0, 0, 12)"
87110,1.0007625621772402,0.7882562623700636,1.2678502422561442,"(0, 0, 2)","(0, 0, 1, 12)"
80537,1.014878360493603,0.768505915026858,1.3363820091751406,"(0, 0, 3)","(0, 0, 0, 12)"
1970,1.0736729340502558,0.8285661560404137,1.3877384840044102,"(1, 0, 2)","(0, 0, 0, 12)"
52404,0.9803633834949089,0.8048811530318598,1.1923680280294053,"(0, 0, 2)","(2, 0, 1, 12)"
11758,1.1823029441410196,0.936188753959962,1.4900739149947764,"(0, 0, 2)","(1, 0, 1, 12)"
19403,0.9983272853532177,0.8449404731126623,1.1783367150653596,"(0, 0, 2)","(0, 0, 0, 12)"
60632,1.0114749455221843,0.7534560808483285,1.3534787177398653,"(0, 0, 2)","(1, 0, 1, 12)"
48111,1.0208296757611244,0.6699499128060084,1.5452542065147756,"(0, 0, 2)","(0, 0, 0, 12)"
75024,1.0437397662831973,0.7018027803621024,1.5425374157778882,"(1, 0, 2)","(0, 0, 1, 12)"
54703,1.0789765063542762,0.892389873091259,1.3027075469597333,"(1, 0, 0)","(0, 0, 0, 12)"
21044,0.9924451570043309,0.7627459702718149,1.2879147175749854,"(1, 0, 2)","(1, 0, 0, 12)"
30064,1.0208798984224245,0.8008328333360852,1.2985181173696947,"(0, 0, 2)","(0, 0, 1, 12)"
75227,1.091768643058764,0.5854924813645758,2.005995969280817,"(3, 0, 0)","(0, 0, 0, 12)"
95828,0.9639083559093059,0.5430768315562193,1.6895071799139194,"(1, 0, 1)","(0, 0, 0, 12)"
47201,1.065129079360309,0.8739661400009577,1.2962274798553477,"(2, 0, 2)","(0, 0, 1, 12)"
75063,0.9853311367671821,0.7266105723513374,1.331327282512617,"(1, 0, 2)","(0, 0, 0, 12)"
